5.254787888949631451e+02,5.969234530689986968e+02,6.654357110152824362e+02,7.267271832838771388e+02,7.757476900824506174e+02,8.068326063736838023e+02,8.139372214753326489e+02,7.909586771399843883e+02,7.321373655103711826e+02,6.325198335766233413e+02,4.884552018926671053e+02,2.980880357782637020e+02,6.180379884398367096e+01,-2.174202780134175157e+02,-5.338048394205879958e+02,-8.787380975709692166e+02,-1.240953521846886360e+03,-1.606927296556226793e+03,-1.961487830789191321e+03,-2.288608670560346582e+03,-2.572336040022732959e+03,-2.797785315343328875e+03,-2.952129222639105137e+03,-3.025496168884559665e+03,-3.011700821263932994e+03,-2.908740869557098904e+03,-2.719012872532051006e+03,-2.449224334066178017e+03,-2.110006121421392436e+03,-1.715256101266658789e+03,-1.281268509139215212e+03,-8.257215476185958778e+02,-3.666061935902945379e+02,7.881872515283700409e+01,4.949663487094508696e+02,8.686911350348623273e+02,1.189841256572001612e+03,1.451569506355310068e+03,1.650400670742924376e+03,1.786073991634338199e+03,1.861196225337165060e+03,1.880752575095249313e+03,1.851528812059087386e+03,1.781498295173904808e+03,1.679223053448696419e+03,1.553309749209463916e+03,1.411950590372224269e+03,1.262567542293004863e+03,1.111566815347944839e+03,9.642006235683987825e+02
5.969234530689986968e+02,6.799466873779792877e+02,7.604599281325138236e+02,8.337688412029746132e+02,8.943140447885041340e+02,9.358262577173695718e+02,9.515776403945595803e+02,9.347305913946130431e+02,8.787757580432273699e+02,7.780402027673184193e+02,6.282355569864405425e+02,4.270058735651688835e+02,1.744271778860333200e+02,-1.265931990534023441e+02,-4.700683984987847452e+02,-8.468791480420611606e+02,-1.244948035833449467e+03,-1.649655265425380094e+03,-2.044488975392459906e+03,-2.411900252644522425e+03,-2.734310755264684303e+03,-2.995202010856313791e+03,-3.180202411603853307e+03,-3.278082605949618483e+03,-3.281573487993155140e+03,-3.187933390596892878e+03,-2.999211395600272226e+03,-2.722179887500713448e+03,-2.367938832964407084e+03,-1.951223583532472730e+03,-1.489474075376279416e+03,-1.001743338863195618e+03,-5.075351859436571544e+02,-2.566376731331955341e+01,4.267785626942026056e+02,8.352728638748742469e+02,1.188492740348818188e+03,1.478662735886062364e+03,1.701652213812354603e+03,1.856823553389153403e+03,1.946672101845014822e+03,1.976308438136354198e+03,1.952840420563095449e+03,1.884713266137197479e+03,1.781061273872043103e+03,1.651115978481673892e+03,1.503704005524918330e+03,1.346855254425865269e+03,1.187529691149176415e+03,1.031460141096978532e+03
6.654357110152824362e+02,7.604599281325138236e+02,8.537785884223623043e+02,9.403955584766922584e+02,1.014351208435833655e+03,1.068879031489490444e+03,1.096665927813662165e+03,1.090218370115529751e+03,1.042326570895129180e+03,9.466071941279762996e+02,7.980931681157092044e+02,5.938281236574541708e+02,3.334144223831376621e+02,1.945914822807966260e+01,-3.421369367372047918e+02,-7.420958301952031206e+02,-1.167919680821229122e+03,-1.604306357866102417e+03,-2.033817964479327657e+03,-2.437772585517433981e+03,-2.797305673904113519e+03,-3.094526975999589467e+03,-3.313684403375268630e+03,-3.442239867951904216e+03,-3.471765046770417030e+03,-3.398577495429416558e+03,-3.224058498152162429e+03,-2.954621471641604330e+03,-2.601330741210869292e+03,-2.179201720022941572e+03,-1.706241542167070293e+03,-1.202311020234474654e+03,-6.879021874233653762e+02,-1.829294572488387303e+02,2.943734321696276766e+02,7.283729317170168542e+02,1.106714827125308375e+03,1.420731006714534942e+03,1.665567652199228633e+03,1.840052700829072364e+03,1.946340402729552352e+03,1.989385084391236433e+03,1.976304023085601102e+03,1.915690648071306441e+03,1.816934835859787427e+03,1.689598113201716387e+03,1.542879685282585797e+03,1.385196008053080277e+03,1.223883636461912374e+03,1.065023537209937786e+03
7.267271832838771388e+02,8.337688412029746132e+02,9.403955584766922584e+02,1.041466599979890361e+03,1.130790553288863748e+03,1.201274672915061274e+03,1.245182646445052796e+03,1.254504271987304037e+03,1.221430177116413006e+03,1.138912711463132609e+03,1.001281593573488408e+03,8.048711836597968841e+02,5.486069615204974070e+02,2.344934783237383726e+02,-1.320539439465942451e+02,-5.420852957756038677e+02,-9.832386713657532482e+02,-1.440130246796769825e+03,-1.895009024220031279e+03,-2.328648690271914802e+03,-2.721424028888864541e+03,-3.054497625409600005e+03,-3.311026842066551581e+03,-3.477293456320351652e+03,-3.543660299478066008e+03,-3.505270990308164983e+03,-3.362429521339785424e+03,-3.120624007638410149e+03,-2.790190452142619051e+03,-2.385644500658678226e+03,-1.924738352885878157e+03,-1.427323130520266432e+03,-9.141117110327204500e+02,-4.054419969858564627e+02,7.986433007004508511e+01,5.254663092273908660e+02,9.182308634977283646e+02,1.248686951797140864e+03,1.511197263507804564e+03,1.703862719318959080e+03,1.828195834499306784e+03,1.888614161104871073e+03,1.891813657140818350e+03,1.846083867514986650e+03,1.760622912795045067e+03,1.644901693354611780e+03,1.508114987137271328e+03,1.358743906722337670e+03,1.204241032791003363e+03,1.050837731689836801e+03
7.757476900824506174e+02,8.943140447885041340e+02,1.014351208435833655e+03,1.130790553288863748e+03,1.237444475878694220e+03,1.327137068855809048e+03,1.391944126642486026e+03,1.423547616623681051e+03,1.413699580595482985e+03,1.354778487225726167e+03,1.240408380343773615e+03,1.066099128010012919e+03,8.298562388477339482e+02,5.327026560107663045e+02,1.790540429214806579e+02,-2.231057154230350079e+02,-6.622904434843032959e+02,-1.123843099081030232e+03,-1.590534480496434071e+03,-2.043406076899260142e+03,-2.462808912496891480e+03,-2.829567993110706084e+03,-3.126185245503454553e+03,-3.337984931106793283e+03,-3.454105895390474871e+03,-3.468255107576832415e+03,-3.379156016535266644e+03,-3.190651450518597812e+03,-2.911451372524930775e+03,-2.554547460236113693e+03,-2.136345762769154135e+03,-1.675592454562453668e+03,-1.192183521583887341e+03,-7.059556360386111464e+02,-2.355522093335983982e+02,2.025534987961350168e+02,5.948154812263835538e+02,9.311132380744521697e+02,1.204977512299279624e+03,1.413554142541978763e+03,1.557337505044983345e+03,1.639720615987516567e+03,1.666418347028027711e+03,1.644823195761464831e+03,1.583350201485885918e+03,1.490820020742705310e+03,1.375918342860030407e+03,1.246757324525353852e+03,1.110552064464439354e+03,9.734135917548198904e+02
8.068326063736838023e+02,9.358262577173695718e+02,1.068879031489490444e+03,1.201274672915061274e+03,1.327137068855809048e+03,1.439528098032148137e+03,1.530650660340645572e+03,1.592164076814479358e+03,1.615609663746179649e+03,1.592933013749154497e+03,1.517077298688207065e+03,1.382610004410642887e+03,1.186335389411131473e+03,9.278381529686876092e+02,6.099016728701066086e+02,2.387477275164910964e+02,-1.759457179099604502e+02,-6.212765891635366415e+02,-1.081608307296550265e+03,-1.539301324515248780e+03,-1.975647092844936196e+03,-2.371943073652808380e+03,-2.710630149627233550e+03,-2.976403464682168305e+03,-3.157205855083493589e+03,-3.245020262693409677e+03,-3.236393379940785962e+03,-3.132645752515089043e+03,-2.939751260203777292e+03,-2.667898318961342738e+03,-2.330773099764402104e+03,-1.944628545646295606e+03,-1.527219572214764185e+03,-1.096693016999897054e+03,-6.705201553629287901e+02,-2.645504775315522465e+02,1.077505947082074158e+02,4.358381114496032751e+02,7.123790979366982583e+02,9.333026703635082413e+02,1.097632142793032244e+03,1.207137958865398787e+03,1.265860270986282330e+03,1.279554191350190649e+03,1.255109511301916882e+03,1.199990930481566920e+03,1.121735816502703756e+03,1.027535647220337978e+03,9.239159537873090358e+02,8.165189768339588454e+02
8.139372214753326489e+02,9.515776403945595803e+02,1.096665927813662165e+03,1.245182646445052796e+03,1.391944126642486026e+03,1.530650660340645572e+03,1.654029404808024537e+03,1.754081703102641768e+03,1.822436639548120638e+03,1.850802816878205931e+03,1.831499309126601702e+03,1.758035564357256590e+03,1.625699985679865222e+03,1.432109383771773537e+03,1.177667766646789687e+03,8.658840393615532776e+02,5.035047005368209057e+02,1.004295186437621226e+02,-3.306052514174355679e+02,-7.745716555484353876e+02,-1.214897080115521021e+03,-1.634367367733040282e+03,-2.016122631285129728e+03,-2.344670539840850324e+03,-2.606836965764338856e+03,-2.792576813875789867e+03,-2.895578547878471909e+03,-2.913613403761705740e+03,-2.848602726630774669e+03,-2.706401874218114244e+03,-2.496323987121751998e+03,-2.230448971562525912e+03,-1.922779999412531197e+03,-1.588320088589282477e+03,-1.242144111020651053e+03,-8.985370097028148848e+02,-5.702580479385399030e+02,-2.679751798617662075e+02,1.048487305693299732e-01,2.284041273363263258e+02,4.139500336337648037e+02,5.561861830601428665e+02,6.566539403407635973e+02,7.185862628611691889e+02,7.464567316200287905e+02,7.455236578581962021e+02,7.214030530683596680e+02,6.796961302514300769e+02,6.256880096557579236e+02,5.641254706507370429e+02
7.909586771399843883e+02,9.347305913946130431e+02,1.090218370115529751e+03,1.254504271987304037e+03,1.423547616623681051e+03,1.592164076814479358e+03,1.754081703102641768e+03,1.902086382063301699e+03,2.028263886688924458e+03,2.124338189703387798e+03,2.182096729125436923e+03,2.193883571499162827e+03,2.153131880942098633e+03,2.054898891371480204e+03,1.896360840880034857e+03,1.677223083283336564e+03,1.400002584473677643e+03,1.070146563821615700e+03,6.959619605981125687e+02,2.883449471193237059e+02,-1.396833847713301111e+02,-5.736114262889288966e+02,-9.982013619828842366e+02,-1.398329791967585606e+03,-1.759842295165738051e+03,-2.070356563276253382e+03,-2.319952009801409986e+03,-2.501693082801986748e+03,-2.611947950584712999e+03,-2.650482253655965906e+03,-2.620327284573560974e+03,-2.527441170070606859e+03,-2.380198391631588493e+03,-2.188755644843185564e+03,-1.964349495790198716e+03,-1.718583084071282428e+03,-1.462755452749368487e+03,-1.207278758068764319e+03,-9.612168814849486580e+02,-7.319653515225463707e+02,-5.250785567148789141e+02,-3.442374287264779582e+02,-1.913402390482744977e+02,-6.669163351098228532e+01,3.073915263644752827e+01,1.030208857733295247e+02,1.529518170843546727e+02,1.837640696547043717e+02,1.988594701571764176e+02,2.015892843741808065e+02
7.321373655103711826e+02,8.787757580432273699e+02,1.042326570895129180e+03,1.221430177116413006e+03,1.413699580595482985e+03,1.615609663746179649e+03,1.822436639548120638e+03,2.028263886688924458e+03,2.226068102219422599e+03,2.407895587620246715e+03,2.565132540845958374e+03,2.688865738232924741e+03,2.770321476459363112e+03,2.801361846036550560e+03,2.775009227619567355e+03,2.685963318738350608e+03,2.531070949535070213e+03,2.309708203761950244e+03,2.024037410125459701e+03,1.679108508415100459e+03,1.282784782583721153e+03,8.454862033816365283e+02,3.797584653587392722e+02,-1.003092034907460288e+02,-5.797807856493150211e+02,-1.043637371990835618e+03,-1.477554166634997046e+03,-1.868634768975839506e+03,-2.206050241522091710e+03,-2.481538617555270321e+03,-2.689732604631261893e+03,-2.828298016904946962e+03,-2.897881368359292537e+03,-2.901880449186739952e+03,-2.846065077015296083e+03,-2.738085345746502753e+03,-2.586910792797243175e+03,-2.402245666282430648e+03,-2.193963083932610061e+03,-1.971594951458567039e+03,-1.743905984554672159e+03,-1.518570169221142578e+03,-1.301957643523810475e+03,-1.099030329552480907e+03,-9.133365159411262084e+02,-7.470885411169244890e+02,-6.013040083196303840e+02,-4.759895460476139419e+02,-3.703467492960697882e+02,-2.829821709352548851e+02
6.325198335766233413e+02,7.780402027673184193e+02,9.466071941279762996e+02,1.138912711463132609e+03,1.354778487225726167e+03,1.592933013749154497e+03,1.850802816878205931e+03,2.124338189703387798e+03,2.407895587620246715e+03,2.694199249386391784e+03,2.974402782325348198e+03,3.238267120304927630e+03,3.474464354581269163e+03,3.671007675129755626e+03,3.815796604101117282e+03,3.897254741838798509e+03,3.905025539132681843e+03,3.830681482045469693e+03,3.668394870074058417e+03,3.415515270418557066e+03,3.073000592955032062e+03,2.645655917246408535e+03,2.142146488927454811e+03,1.574767839482247155e+03,9.589753508954934205e+02,3.126959291083383050e+02,-3.445363182093637988e+02,-9.925624486525382508e+02,-1.611630050529880464e+03,-2.183399694015533896e+03,-2.691854501036582406e+03,-3.124049440836039594e+03,-3.470651229103114929e+03,-3.726238118478005617e+03,-3.889349433624212907e+03,-3.962295269096759512e+03,-3.950755272000448258e+03,-3.863210151114406472e+03,-3.710259291237345224e+03,-3.503882038356778594e+03,-3.256698938760404417e+03,-2.981283126035985788e+03,-2.689562263845038615e+03,-2.392339348972131120e+03,-2.098947716257056072e+03,-1.817043122587081143e+03,-1.552524936877316350e+03,-1.309570007855396852e+03,-1.090757130220571526e+03,-8.972572329705332095e+02
4.884552018926671053e+02,6.282355569864405425e+02,7.980931681157092044e+02,1.001281593573488408e+03,1.240408380343773615e+03,1.517077298688207065e+03,1.831499309126601702e+03,2.182096729125436923e+03,2.565132540845958374e+03,2.974402782325348198e+03,3.401033382305778559e+03,3.833422583110674168e+03,4.257365420865051419e+03,4.656387166868473287e+03,5.012298288698663782e+03,5.305965112744002909e+03,5.518269364968495211e+03,5.631208115785693735e+03,5.629065741306176278e+03,5.499573856816790794e+03,5.234966111653962798e+03,4.832834062767457908e+03,4.296699040271606464e+03,3.636232905416630274e+03,2.867086665354336219e+03,2.010317765379254297e+03,1.091441398343234596e+03,1.391647366205504568e+02,-8.161080521377324430e+02,-1.743891025136282224e+03,-2.615232030947563544e+03,-3.404209238445154369e+03,-4.089201044418396577e+03,-4.653843450689975725e+03,-5.087618030598130645e+03,-5.386046713133732737e+03,-5.550503204413273124e+03,-5.587681480375358660e+03,-5.508786512475880954e+03,-5.328529187178237407e+03,-5.064015252942856932e+03,-4.733617150954017234e+03,-4.355908792917989558e+03,-3.948728509587047938e+03,-3.528416715559701061e+03,-3.109254653245830013e+03,-2.703111062072029199e+03,-2.319286546977615217e+03,-1.964532035336531862e+03,-1.643208663745326248e+03
2.980880357782637020e+02,4.270058735651688835e+02,5.938281236574541708e+02,8.048711836597968841e+02,1.066099128010012919e+03,1.382610004410642887e+03,1.758035564357256590e+03,2.193883571499162827e+03,2.688865738232924741e+03,3.238267120304927630e+03,3.833422583110674168e+03,4.461370811818576840e+03,5.104754543938581264e+03,5.742026029668959382e+03,6.347998725477551488e+03,6.894760454356084665e+03,7.352931387303495285e+03,7.693214951486606878e+03,7.888154751369637779e+03,7.913979894047083690e+03,7.752398831205289753e+03,7.392191497296390480e+03,6.830453559812220192e+03,6.073365879311548269e+03,5.136395876271761153e+03,4.043882668881382415e+03,2.828010250550716592e+03,1.527227190549128636e+03,1.842215022785168799e+02,-1.156400119542646280e+03,-2.450553052051277973e+03,-3.657050407405560236e+03,-4.739736967474089397e+03,-5.669229862416936157e+03,-6.424153132740761066e+03,-6.991800972837627342e+03,-7.368215713385388881e+03,-7.557715954266517656e+03,-7.571952772076458132e+03,-7.428603793715191387e+03,-7.149833852727371777e+03,-6.760656279759167774e+03,-6.287321538368274560e+03,-5.755842103226532345e+03,-5.190737262965046284e+03,-4.614052387354905477e+03,-4.044677538699094384e+03,-3.497963089723702524e+03,-2.985607469592165216e+03,-2.515775665992880931e+03
6.180379884398367096e+01,1.744271778860333200e+02,3.334144223831376621e+02,5.486069615204974070e+02,8.298562388477339482e+02,1.186335389411131473e+03,1.625699985679865222e+03,2.153131880942098633e+03,2.770321476459363112e+03,3.474464354581269163e+03,4.257365420865051419e+03,5.104754543938581264e+03,5.995919404887516976e+03,6.903751712080722427e+03,7.795280995572313259e+03,8.632736174449535611e+03,9.375130928560844040e+03,9.980318178729292413e+03,1.040740666088181933e+04,1.061938455553142921e+04,1.058575751214804950e+04,1.028498670524569025e+04,9.706510883606310017e+03,8.852156727752606457e+03,7.736783654234785899e+03,6.388069257335072507e+03,4.845414193377235279e+03,3.158023017987739877e+03,1.382291909467897767e+03,-4.213028568123359037e+02,-2.191577352796469313e+03,-3.870013861353816537e+03,-5.403880851300613358e+03,-6.748872376368170080e+03,-7.871089511317586584e+03,-8.748250415488906583e+03,-9.370086853004133445e+03,-9.737955668980739574e+03,-9.863756568976623385e+03,-9.768296747914762818e+03,-9.479274661051029398e+03,-9.029068020496750250e+03,-8.452505686229207640e+03,-7.784782166832842449e+03,-7.059640990701245755e+03,-6.307914010106956084e+03,-5.556462576144932427e+03,-4.827527778159043010e+03,-4.138463949599945408e+03,-3.501804605069962690e+03
-2.174202780134175157e+02,-1.265931990534023441e+02,1.945914822807966260e+01,2.344934783237383726e+02,5.327026560107663045e+02,9.278381529686876092e+02,1.432109383771773537e+03,2.054898891371480204e+03,2.801361846036550560e+03,3.671007675129755626e+03,4.656387166868473287e+03,5.742026029668959382e+03,6.903751712080722427e+03,8.108551098209130032e+03,9.315070631599413900e+03,1.047482749478586629e+04,1.153414289473785539e+04,1.243674075522016938e+04,1.312688366946860515e+04,1.355285067705519759e+04,1.367050663312722463e+04,1.344667836298837574e+04,1.286204443514151899e+04,1.191326652111691874e+04,1.061414082842565040e+04,8.995624250941486025e+03,7.104684573690421530e+03,5.002027593946006164e+03,2.758855247947029966e+03,4.528966182696943861e+02,-1.835981668887471415e+03,-4.030244672066118255e+03,-6.058896097371736687e+03,-7.861113185284673818e+03,-9.389060370367822543e+03,-1.060971424440573355e+04,-1.150562543417294000e+04,-1.207463710188538971e+04,-1.232866507962836477e+04,-1.229171308758300256e+04,-1.199734257221056214e+04,-1.148583796209967841e+04,-1.080130511350368943e+04,-9.988916556999283785e+03,-9.092476940583532269e+03,-8.152431949897749291e+03,-7.204390334073627855e+03,-6.278177265724131757e+03,-5.397392748589369148e+03,-4.579414284834365390e+03
-5.338048394205879958e+02,-4.700683984987847452e+02,-3.421369367372047918e+02,-1.320539439465942451e+02,1.790540429214806579e+02,6.099016728701066086e+02,1.177667766646789687e+03,1.896360840880034857e+03,2.775009227619567355e+03,3.815796604101117282e+03,5.012298288698663782e+03,6.347998725477551488e+03,7.795280995572313259e+03,9.315070631599413900e+03,1.085728578940478474e+04,1.236219361295695853e+04,1.376270089249585180e+04,1.498752128176155202e+04,1.596506946322274598e+04,1.662784468049704810e+04,1.691699270999600049e+04,1.678668671759891004e+04,1.620795157462554198e+04,1.517157776868545807e+04,1.368983044450028319e+04,1.179675211083654540e+04,9.546975548707034250e+03,7.013094398959615319e+03,4.281768738685873359e+03,1.448857399992839646e+03,-1.386044800091754041e+03,-4.125237722707569446e+03,-6.678280509717209497e+03,-8.966691520822725579e+03,-1.092765738445878742e+04,-1.251652518587656232e+04,-1.370796796854276181e+04,-1.449583269628532253e+04,-1.489178907907909161e+04,-1.492298672947967134e+04,-1.462898968583280839e+04,-1.405828787824336359e+04,-1.326468490506432863e+04,-1.230383417286870463e+04,-1.123014719641478587e+04,-1.009423628871951587e+04,-8.940986991024105009e+03,-7.808290767201298877e+03,-6.726411697213352454e+03,-5.717916275445988504e+03
-8.787380975709692166e+02,-8.468791480420611606e+02,-7.420958301952031206e+02,-5.420852957756038677e+02,-2.231057154230350079e+02,2.387477275164910964e+02,8.658840393615532776e+02,1.677223083283336564e+03,2.685963318738350608e+03,3.897254741838798509e+03,5.305965112744002909e+03,6.894760454356084665e+03,8.632736174449535611e+03,1.047482749478586629e+04,1.236219361295695853e+04,1.422370845761739110e+04,1.597860475171703547e+04,1.754021373196661443e+04,1.882062995130005584e+04,1.973602120897988061e+04,2.021221097659102088e+04,2.019009727133367051e+04,1.963044792951024283e+04,1.851763380672175845e+04,1.686192955749934117e+04,1.470012162443332636e+04,1.209430478896883506e+04,9.128907658641506714e+03,5.906146738525581895e+03,2.540250760895066378e+03,-8.490939473676679654e+02,-4.143561903731960228e+03,-7.232742347978624821e+03,-1.001993845703784427e+04,-1.242680582958411833e+04,-1.439654317609700229e+04,-1.589548780283162887e+04,-1.691311292197389412e+04,-1.746055771984657622e+04,-1.756793151032568858e+04,-1.728071099790310473e+04,-1.665559001882954180e+04,-1.575614410507886896e+04,-1.464864193840194275e+04,-1.339827948567010026e+04,-1.206603946123103560e+04,-1.070629841365137690e+04,-9.365225173325870855e+03,-8.079944994290198338e+03,-6.878388639543456520e+03
-1.240953521846886360e+03,-1.244948035833449467e+03,-1.167919680821229122e+03,-9.832386713657532482e+02,-6.622904434843032959e+02,-1.759457179099604502e+02,5.035047005368209057e+02,1.400002584473677643e+03,2.531070949535070213e+03,3.905025539132681843e+03,5.518269364968495211e+03,7.352931387303495285e+03,9.375130928560844040e+03,1.153414289473785539e+04,1.376270089249585180e+04,1.597860475171703547e+04,1.808769873470456514e+04,1.998816409957421274e+04,2.157593592345582874e+04,2.275092338640402158e+04,2.342360066242144603e+04,2.352145715836176532e+04,2.299476337436043468e+04,2.182112978383494919e+04,2.000841244224470574e+04,1.759564541757920961e+04,1.465184504151168221e+04,1.127271763206358082e+04,7.575490742236787810e+03,3.692257461486152351e+03,-2.376448515378163506e+02,-4.075620058788905226e+03,-7.691541541401086761e+03,-1.097064255686660545e+04,-1.381908301231126825e+04,-1.616784419559884736e+04,-1.797476564066275751e+04,-1.922470780933197238e+04,-1.992798254630600422e+04,-2.011732487784325349e+04,-1.984377359161020649e+04,-1.917187835954202819e+04,-1.817465760572125509e+04,-1.692869842425299430e+04,-1.550972592205893852e+04,-1.398888498680485645e+04,-1.242988396662525702e+04,-1.088705768587458078e+04,-9.404325359159651271e+03,-8.014953500339976017e+03
-1.606927296556226793e+03,-1.649655265425380094e+03,-1.604306357866102417e+03,-1.440130246796769825e+03,-1.123843099081030232e+03,-6.212765891635366415e+02,1.004295186437621226e+02,1.070146563821615700e+03,2.309708203761950244e+03,3.830681482045469693e+03,5.631208115785693735e+03,7.693214951486606878e+03,9.980318178729292413e+03,1.243674075522016938e+04,1.498752128176155202e+04,1.754021373196661443e+04,1.998816409957421274e+04,2.221531026627585379e+04,2.410229791357400609e+04,2.553355429168535193e+04,2.640483100494895916e+04,2.663063400278939298e+04,2.615091801336951903e+04,2.493644283742677362e+04,2.299227246022766485e+04,2.035903938920478686e+04,1.711178311684931396e+04,1.335638420002298517e+04,9.223831382641652453e+03,4.862754777189237757e+03,4.308118044808613263e+02,-3.914392247226995096e+03,-8.024140101999673789e+03,-1.176652825071349071e+04,-1.503292107279155607e+04,-1.774252575601091667e+04,-1.984486449525322678e+04,-2.132011348447947967e+04,-2.217745951937554128e+04,-2.245177682650317001e+04,-2.219903612695774063e+04,-2.149091801994419802e+04,-2.040911284329330374e+04,-1.903975415100828104e+04,-1.746836210397020841e+04,-1.577557834076784457e+04,-1.403386812087363796e+04,-1.230526080880478185e+04,-1.064010615250251794e+04,-9.076748487336135440e+03
-1.961487830789191321e+03,-2.044488975392459906e+03,-2.033817964479327657e+03,-1.895009024220031279e+03,-1.590534480496434071e+03,-1.081608307296550265e+03,-3.306052514174355679e+02,6.959619605981125687e+02,2.024037410125459701e+03,3.668394870074058417e+03,5.629065741306176278e+03,7.888154751369637779e+03,1.040740666088181933e+04,1.312688366946860515e+04,1.596506946322274598e+04,1.882062995130005584e+04,2.157593592345582874e+04,2.410229791357400609e+04,2.626669245219827280e+04,2.793958957707002264e+04,2.900334388281244173e+04,2.936050495245600177e+04,2.894135392278460495e+04,2.770999166157688160e+04,2.566839343073047348e+04,2.285799928632907540e+04,1.935861484054750690e+04,1.528463254882445290e+04,1.077882419475891584e+04,6.004174351023133568e+03,1.134398160287914834e+03,-3.656103954994945525e+03,-8.202068073594899033e+03,-1.235622171964282825e+04,-1.599654196721776316e+04,-1.903145508544723998e+04,-2.140271890651449939e+04,-2.308594294352370343e+04,-2.408890313358077037e+04,-2.444797805138703552e+04,-2.422315697797594476e+04,-2.349213937370145868e+04,-2.234405904386039401e+04,-2.087332980030074395e+04,-1.917403278837405378e+04,-1.733516198483983680e+04,-1.543692786895738027e+04,-1.354820336162652529e+04,-1.172509204547365152e+04,-1.001051450478757033e+04
-2.288608670560346582e+03,-2.411900252644522425e+03,-2.437772585517433981e+03,-2.328648690271914802e+03,-2.043406076899260142e+03,-1.539301324515248780e+03,-7.745716555484353876e+02,2.883449471193237059e+02,1.679108508415100459e+03,3.415515270418557066e+03,5.499573856816790794e+03,7.913979894047083690e+03,1.061938455553142921e+04,1.355285067705519759e+04,1.662784468049704810e+04,1.973602120897988061e+04,2.275092338640402158e+04,2.553355429168535193e+04,2.793958957707002264e+04,2.982781653241953245e+04,3.106922293342134435e+04,3.155604088771895840e+04,3.120999438910416939e+04,2.998901605650777856e+04,2.789179201534394088e+04,2.495965826730467961e+04,2.127559235666477980e+04,1.696029834244790254e+04,1.216564385368864896e+04,7.065946758575850254e+03,1.847799428720422839e+03,-3.300759851629879449e+03,-8.200878340722485518e+03,-1.269251632453287311e+04,-1.664238317566595651e+04,-1.994967418494633603e+04,-2.254931817568687984e+04,-2.441267667863099632e+04,-2.554585422262938664e+04,-2.598596444432511635e+04,-2.579583228780923673e+04,-2.505768970125805572e+04,-2.386643953570469603e+04,-2.232302518736495404e+04,-2.052836259458989662e+04,-1.857818055499808543e+04,-1.655899024805400404e+04,-1.454527986532212890e+04,-1.259791756751747562e+04,-1.076365444427326656e+04
-2.572336040022732959e+03,-2.734310755264684303e+03,-2.797305673904113519e+03,-2.721424028888864541e+03,-2.462808912496891480e+03,-1.975647092844936196e+03,-1.214897080115521021e+03,-1.396833847713301111e+02,1.282784782583721153e+03,3.073000592955032062e+03,5.234966111653962798e+03,7.752398831205289753e+03,1.058575751214804950e+04,1.367050663312722463e+04,1.691699270999600049e+04,2.021221097659102088e+04,2.342360066242144603e+04,2.640483100494895916e+04,2.900334388281244173e+04,3.106922293342134435e+04,3.246478608224766504e+04,3.307417104098608252e+04,3.281212051520476234e+04,3.163118819088052624e+04,2.952668201595784922e+04,2.653883207060243876e+04,2.275190107378190442e+04,1.829022295626171763e+04,1.331143037786689092e+04,7.997385405209559394e+03,2.543530913609908112e+03,-2.852488331249708608e+03,-8.002039769882632754e+03,-1.273569917108088703e+04,-1.691169836558712996e+04,-2.042208114804551224e+04,-2.319625198495380027e+04,-2.520184488404845615e+04,-2.644307081275891323e+04,-2.695689846603006299e+04,-2.680756795917310592e+04,-2.608002057992899063e+04,-2.487284833109545434e+04,-2.329133005477888219e+04,-2.144103752734617592e+04,-1.942237972569405247e+04,-1.732632252984001389e+04,-1.523138976062331494e+04,-1.320193257153308878e+04,-1.128755723319900062e+04
-2.797785315343328875e+03,-2.995202010856313791e+03,-3.094526975999589467e+03,-3.054497625409600005e+03,-2.829567993110706084e+03,-2.371943073652808380e+03,-1.634367367733040282e+03,-5.736114262889288966e+02,8.454862033816365283e+02,2.645655917246408535e+03,4.832834062767457908e+03,7.392191497296390480e+03,1.028498670524569025e+04,1.344667836298837574e+04,1.678668671759891004e+04,2.019009727133367051e+04,2.352145715836176532e+04,2.663063400278939298e+04,2.936050495245600177e+04,3.155604088771895840e+04,3.307417104098608252e+04,3.379367966996900213e+04,3.362431874486728339e+04,3.251433207138198122e+04,3.045568129106550623e+04,2.748643715943840289e+04,2.369003490696307927e+04,1.919136654960995293e+04,1.414996647750915508e+04,8.750808475870790062e+03,3.193443720775736438e+03,-2.319652581691004343e+03,-7.594607323071275459e+03,-1.245666949113532610e+04,-1.675896816820650201e+04,-2.038894233276139857e+04,-2.327210904069201206e+04,-2.537308533075016385e+04,-2.669401690420117302e+04,-2.727076959374299986e+04,-2.716739018297801522e+04,-2.646943118012579362e+04,-2.527675763749936959e+04,-2.369641837196589768e+04,-2.183608016069023870e+04,-1.979840659838590000e+04,-1.767662971361197197e+04,-1.555142788220159309e+04,-1.348910136657413750e+04,-1.154093671247075326e+04
-2.952129222639105137e+03,-3.180202411603853307e+03,-3.313684403375268630e+03,-3.311026842066551581e+03,-3.126185245503454553e+03,-2.710630149627233550e+03,-2.016122631285129728e+03,-9.982013619828842366e+02,3.797584653587392722e+02,2.142146488927454811e+03,4.296699040271606464e+03,6.830453559812220192e+03,9.706510883606310017e+03,1.286204443514151899e+04,1.620795157462554198e+04,1.963044792951024283e+04,2.299476337436043468e+04,2.615091801336951903e+04,2.894135392278460495e+04,3.120999438910416939e+04,3.281212051520476234e+04,3.362431874486728339e+04,3.355368204752330348e+04,3.254545574043169472e+04,3.058841094794537639e+04,2.771739921215229697e+04,2.401277555973791459e+04,1.959665080210388260e+04,1.462621782721454656e+04,9.284660057406896158e+03,3.770364137069636854e+03,-1.714699808592067029e+03,-6.976512610034244062e+03,-1.183957371407691244e+04,-1.615574057425743376e+04,-1.981076557384733678e+04,-2.272818755047800369e+04,-2.487048321512508119e+04,-2.623762186291640319e+04,-2.686337096106068930e+04,-2.680985259345130908e+04,-2.616094101084654903e+04,-2.501511736865897547e+04,-2.347836421882138529e+04,-2.165760043827466507e+04,-1.965504182376452809e+04,-1.756373989794329100e+04,-1.546441728218496610e+04,-1.342359567154603974e+04,-1.149291185372712425e+04
-3.025496168884559665e+03,-3.278082605949618483e+03,-3.442239867951904216e+03,-3.477293456320351652e+03,-3.337984931106793283e+03,-2.976403464682168305e+03,-2.344670539840850324e+03,-1.398329791967585606e+03,-1.003092034907460288e+02,1.574767839482247155e+03,3.636232905416630274e+03,6.073365879311548269e+03,8.852156727752606457e+03,1.191326652111691874e+04,1.517157776868545807e+04,1.851763380672175845e+04,2.182112978383494919e+04,2.493644283742677362e+04,2.770999166157688160e+04,2.998901605650777856e+04,3.163118819088052624e+04,3.251433207138198122e+04,3.254545574043169472e+04,3.166830546115376637e+04,2.986873754172206100e+04,2.717736668155328516e+04,2.366917528454524290e+04,1.946003334929942866e+04,1.470035505067150734e+04,9.566375734620858566e+03,4.249743454790266696e+03,-1.053740315509721313e+03,-6.155339764716836726e+03,-1.088370432723454905e+04,-1.509354296444561624e+04,-1.867208692935815998e+04,-2.154299801340449267e+04,-2.366761995092267898e+04,-2.504370246690765634e+04,-2.570192714738172072e+04,-2.570071431312309142e+04,-2.511988009340715507e+04,-2.405374041265637061e+04,-2.260422831342077916e+04,-2.087451340949417136e+04,-1.896350153319709352e+04,-1.696146461609687685e+04,-1.494692080367376184e+04,-1.298476580505790662e+04,-1.112555819638165849e+04
-3.011700821263932994e+03,-3.281573487993155140e+03,-3.471765046770417030e+03,-3.543660299478066008e+03,-3.454105895390474871e+03,-3.157205855083493589e+03,-2.606836965764338856e+03,-1.759842295165738051e+03,-5.797807856493150211e+02,9.589753508954934205e+02,2.867086665354336219e+03,5.136395876271761153e+03,7.736783654234785899e+03,1.061414082842565040e+04,1.368983044450028319e+04,1.686192955749934117e+04,2.000841244224470574e+04,2.299227246022766485e+04,2.566839343073047348e+04,2.789179201534394088e+04,2.952668201595784922e+04,3.045568129106550623e+04,3.058841094794537639e+04,2.986873754172206100e+04,2.827998720624824637e+04,2.584761176186213561e+04,2.263899752808917765e+04,1.876035662117234460e+04,1.435090141865031728e+04,9.574747118690778734e+03,4.611188093969787587e+03,-3.558706103945277732e+02,-5.148488485358800972e+03,-9.604459551211446524e+03,-1.358556881718721343e+04,-1.698379345520016068e+04,-1.972511550482508028e+04,-2.177083897485218040e+04,-2.311652292110794224e+04,-2.378883144161967357e+04,-2.384074477578799997e+04,-2.334566286602632317e+04,-2.239096118858471527e+04,-2.107153254093542637e+04,-1.948377742377156392e+04,-1.772040293436236971e+04,-1.586627050136435173e+04,-1.399541072510340018e+04,-1.216921139221161320e+04,-1.043569162613727894e+04
-2.908740869557098904e+03,-3.187933390596892878e+03,-3.398577495429416558e+03,-3.505270990308164983e+03,-3.468255107576832415e+03,-3.245020262693409677e+03,-2.792576813875789867e+03,-2.070356563276253382e+03,-1.043637371990835618e+03,3.126959291083383050e+02,2.010317765379254297e+03,4.043882668881382415e+03,6.388069257335072507e+03,8.995624250941486025e+03,1.179675211083654540e+04,1.470012162443332636e+04,1.759564541757920961e+04,2.035903938920478686e+04,2.285799928632907540e+04,2.495965826730467961e+04,2.653883207060243876e+04,2.748643715943840289e+04,2.771739921215229697e+04,2.717736668155328516e+04,2.584761176186213561e+04,2.374763553733712615e+04,2.093518352670401509e+04,1.750360326612996141e+04,1.357671301807509735e+04,9.301574235891263015e+03,4.839745533435749167e+03,3.577226574471264939e+02,-3.982675500522088441e+03,-8.033234691183317409e+03,-1.166693728766079767e+04,-1.478371733847358155e+04,-1.731406519523097086e+04,-1.922037282182635681e+04,-2.049610993476449949e+04,-2.116309447785252996e+04,-2.126725315068725467e+04,-2.087334946123292320e+04,-2.005918534706558421e+04,-1.890976129458720970e+04,-1.751181759515144950e+04,-1.594908778477717897e+04,-1.429848778034192401e+04,-1.262735380738971071e+04,-1.099174019002351270e+04,-9.435702923233726324e+03
-2.719012872532051006e+03,-2.999211395600272226e+03,-3.224058498152162429e+03,-3.362429521339785424e+03,-3.379156016535266644e+03,-3.236393379940785962e+03,-2.895578547878471909e+03,-2.319952009801409986e+03,-1.477554166634997046e+03,-3.445363182093637988e+02,1.091441398343234596e+03,2.828010250550716592e+03,4.845414193377235279e+03,7.104684573690421530e+03,9.546975548707034250e+03,1.209430478896883506e+04,1.465184504151168221e+04,1.711178311684931396e+04,1.935861484054750690e+04,2.127559235666477980e+04,2.275190107378190442e+04,2.369003490696307927e+04,2.401277555973791459e+04,2.366917528454524290e+04,2.263899752808917765e+04,2.093518352670401509e+04,1.860407535936986096e+04,1.572332093369219547e+04,1.239759317477951117e+04,8.752451766514186602e+03,4.926839676564468391e+03,1.064820736825120093e+03,-2.692782813975929457e+03,-6.216206797792994621e+03,-9.393444272278293283e+03,-1.213538198579957316e+04,-1.437908965552374502e+04,-1.608915456855828597e+04,-1.725712735624449488e+04,-1.789929690840574040e+04,-1.805312960938569449e+04,-1.777278197162252036e+04,-1.712412361987115946e+04,-1.617969214764870776e+04,-1.501394975622303900e+04,-1.369913392112287147e+04,-1.230190211951198216e+04,-1.088087522739486667e+04,-9.485095421919282671e+03,-8.153339792507842503e+03
-2.449224334066178017e+03,-2.722179887500713448e+03,-2.954621471641604330e+03,-3.120624007638410149e+03,-3.190651450518597812e+03,-3.132645752515089043e+03,-2.913613403761705740e+03,-2.501693082801986748e+03,-1.868634768975839506e+03,-9.925624486525382508e+02,1.391647366205504568e+02,1.527227190549128636e+03,3.158023017987739877e+03,5.002027593946006164e+03,7.013094398959615319e+03,9.128907658641506714e+03,1.127271763206358082e+04,1.335638420002298517e+04,1.528463254882445290e+04,1.696029834244790254e+04,1.829022295626171763e+04,1.919136654960995293e+04,1.959665080210388260e+04,1.946003334929942866e+04,1.876035662117234460e+04,1.750360326612996141e+04,1.572332093369219547e+04,1.347913787584514830e+04,1.085346080572536448e+04,7.946609230095178646e+03,4.870778245578061615e+03,1.743319743172521157e+03,-1.320119845147500200e+03,-4.212072592953154526e+03,-6.838856892640915248e+03,-9.124943497239552016e+03,-1.101583275662786400e+04,-1.247934004143208767e+04,-1.350532884193582322e+04,-1.410405738906705665e+04,-1.430340338711365257e+04,-1.414529531044944815e+04,-1.368170509653001682e+04,-1.297054780875827055e+04,-1.207179447378256373e+04,-1.104404289226923902e+04,-9.941717091033486213e+03,-8.812988499130158743e+03,-7.698439047644115817e+03,-6.630424492303961415e+03
-2.110006121421392436e+03,-2.367938832964407084e+03,-2.601330741210869292e+03,-2.790190452142619051e+03,-2.911451372524930775e+03,-2.939751260203777292e+03,-2.848602726630774669e+03,-2.611947950584712999e+03,-2.206050241522091710e+03,-1.611630050529880464e+03,-8.161080521377324430e+02,1.842215022785168799e+02,1.382291909467897767e+03,2.758855247947029966e+03,4.281768738685873359e+03,5.906146738525581895e+03,7.575490742236787810e+03,9.223831382641652453e+03,1.077882419475891584e+04,1.216564385368864896e+04,1.331143037786689092e+04,1.414996647750915508e+04,1.462621782721454656e+04,1.470035505067150734e+04,1.435090141865031728e+04,1.357671301807509735e+04,1.239759317477951117e+04,1.085346080572536448e+04,9.002120705316978274e+03,6.915808618258032766e+03,4.676791700734894221e+03,2.372384058558299330e+03,8.977942912345184823e+01,-2.088894823475437988e+03,-4.090935165965623582e+03,-5.856533838755019133e+03,-7.341162668649254556e+03,-8.516773137632149883e+03,-9.371824682493375803e+03,-9.910250215261983612e+03,-1.014954532485915843e+04,-1.011821964557042702e+04,-9.852873020746883412e+03,-9.395156277312009479e+03,-8.788850427190882328e+03,-8.077254717420883026e+03,-7.301020010118700156e+03,-6.496506432448769374e+03,-5.694689313348890209e+03,-4.920590008262048286e+03
-1.715256101266658789e+03,-1.951223583532472730e+03,-2.179201720022941572e+03,-2.385644500658678226e+03,-2.554547460236113693e+03,-2.667898318961342738e+03,-2.706401874218114244e+03,-2.650482253655965906e+03,-2.481538617555270321e+03,-2.183399694015533896e+03,-1.743891025136282224e+03,-1.156400119542646280e+03,-4.213028568123359037e+02,4.528966182696943861e+02,1.448857399992839646e+03,2.540250760895066378e+03,3.692257461486152351e+03,4.862754777189237757e+03,6.004174351023133568e+03,7.065946758575850254e+03,7.997385405209559394e+03,8.750808475870790062e+03,9.284660057406896158e+03,9.566375734620858566e+03,9.574747118690778734e+03,9.301574235891263015e+03,8.752451766514186602e+03,7.946609230095178646e+03,6.915808618258032766e+03,5.702386694784820065e+03,4.356604131377942394e+03,2.933521811622284986e+03,1.489660078237016478e+03,7.970627422601829437e+01,-1.246480402581783437e+03,-2.446356999491782517e+03,-3.486524947770052677e+03,-4.343812582989524344e+03,-5.005596327778747764e+03,-5.469410002278699722e+03,-5.741945929489413174e+03,-5.837590337205350806e+03,-5.776656819294867091e+03,-5.583485295621465411e+03,-5.284561918229235744e+03,-4.906791075296431700e+03,-4.476018256710874994e+03,-4.015866509090046748e+03,-3.546913644214428132e+03,-3.086205648070911593e+03
-1.281268509139215212e+03,-1.489474075376279416e+03,-1.706241542167070293e+03,-1.924738352885878157e+03,-2.136345762769154135e+03,-2.330773099764402104e+03,-2.496323987121751998e+03,-2.620327284573560974e+03,-2.689732604631261893e+03,-2.691854501036582406e+03,-2.615232030947563544e+03,-2.450553052051277973e+03,-2.191577352796469313e+03,-1.835981668887471415e+03,-1.386044800091754041e+03,-8.490939473676679654e+02,-2.376448515378163506e+02,4.308118044808613263e+02,1.134398160287914834e+03,1.847799428720422839e+03,2.543530913609908112e+03,3.193443720775736438e+03,3.770364137069636854e+03,4.249743454790266696e+03,4.611188093969787587e+03,4.839745533435749167e+03,4.926839676564468391e+03,4.870778245578061615e+03,4.676791700734894221e+03,4.356604131377942394e+03,3.927577193479837661e+03,3.411504168304582890e+03,2.833158889000610543e+03,2.218720979099989108e+03,1.594203270176515616e+03,9.839995703292286180e+02,4.096526576717337207e+02,-1.110839137685830735e+02,-5.648475690200178860e+02,-9.429214733184840043e+02,-1.241161568457094063e+03,-1.459639954430873331e+03,-1.602066544903944759e+03,-1.675060905236354301e+03,-1.687348322395910145e+03,-1.648949337588310300e+03,-1.570421697144161044e+03,-1.462199802783391760e+03,-1.334061211902481091e+03,-1.194734343225769408e+03
