1.801310946190854793e+03,2.103861788411101770e+03,2.423390223500702177e+03,2.751575861619933676e+03,3.077672644490772200e+03,3.388600942770466645e+03,3.669230883969566548e+03,3.902876573187508257e+03,4.072005284327399295e+03,4.159146295747709701e+03,4.147962261401459727e+03,4.024423886324257182e+03,3.778008695478435129e+03,3.402829516010037878e+03,2.898590461037402292e+03,2.271269726104986148e+03,1.533440546307175055e+03,7.041642336758040983e+02,-1.915789498948446123e+02,-1.123916778660387081e+03,-2.059523969073430635e+03,-2.963386692153513650e+03,-3.800771806988693243e+03,-4.539255332031618309e+03,-5.150653274508969844e+03,-5.612701560802362110e+03,-5.910350560523941567e+03,-6.036571901431149854e+03,-5.992617648070638097e+03,-5.787719965286752995e+03,-5.438267958386591999e+03,-4.966542325561868893e+03,-4.399123271347491027e+03,-3.765109498296512811e+03,-3.094294261144621942e+03,-2.415438380097609752e+03,-1.754761329497419865e+03,-1.134742926863974390e+03,-5.732934984899434312e+02,-8.331378916730278661e+01,3.273687680348291451e+02,6.557302162454113841e+02,9.030113063316413218e+02,1.073987481810758254e+03,1.176129475897307202e+03,1.218732550640895397e+03,1.212082188933847647e+03,1.166709482729745559e+03,1.092772711969755392e+03,9.995846990348613872e+02
2.103861788411101770e+03,2.459970549291941097e+03,2.837051238447519609e+03,3.225611133447588600e+03,3.613318233448448609e+03,3.985092266158014354e+03,4.323416159975186929e+03,4.608891879809123566e+03,4.821046753971972976e+03,4.939374146511758227e+03,4.944567180017224018e+03,4.819878514349116813e+03,4.552515786311966622e+03,4.134964297489148521e+03,3.566118842930705796e+03,2.852107578383736836e+03,2.006703932869650998e+03,1.051247891888611548e+03,1.403412468298716931e+01,-1.070831453770518692e+03,-2.165057134413749282e+03,-3.228176494582909982e+03,-4.219808257044655875e+03,-5.101998825069010309e+03,-5.841467147586030478e+03,-6.411574531309253871e+03,-6.793862431240093429e+03,-6.979037312879012461e+03,-6.967329716405971340e+03,-6.768209565785607083e+03,-6.399495667598530417e+03,-5.885948306906495418e+03,-5.257474642707018575e+03,-4.547103338442322638e+03,-3.788895405425276749e+03,-3.015952408594479493e+03,-2.258662665801386538e+03,-1.543294079690755552e+03,-8.910030203308547243e+02,-3.172869016918036209e+02,1.681317329375560803e+02,5.610358764170384802e+02,8.621313217078119351e+02,1.076238006642368418e+03,1.211348415957279940e+03,1.277642308034934558e+03,1.286535910706503728e+03,1.249827494311695773e+03,1.178982344292109246e+03,1.084580933815247363e+03
2.423390223500702177e+03,2.837051238447519609e+03,3.276322780330700880e+03,3.730559617061929657e+03,4.185839051811121863e+03,4.625044637210931796e+03,5.028200062105590405e+03,5.373081913401435486e+03,5.636120104874256867e+03,5.793569619010102542e+03,5.822908626983362410e+03,5.704388641390636622e+03,5.422635333851205360e+03,4.968177522142536873e+03,4.338769971695605818e+03,3.540375824219217066e+03,2.587688344035531372e+03,1.504099484980960369e+03,3.210630727685584134e+02,-9.231499734809071924e+02,-2.185252591628116079e+03,-3.419193403944721922e+03,-4.578707424932348658e+03,-5.619979301465804383e+03,-6.504215137966497423e+03,-7.199920738842125502e+03,-7.684705694246915300e+03,-7.946472258566956953e+03,-7.983901405183742099e+03,-7.806210115245794441e+03,-7.432217260657665065e+03,-6.888813656905898824e+03,-6.208979011936890856e+03,-5.429520066669046173e+03,-4.588717661087603119e+03,-3.724065406723210799e+03,-2.870260851679445295e+03,-2.057574996697523602e+03,-1.310682468765962312e+03,-6.479878210378661834e+02,-8.143839269635498113e+01,3.832247259523510365e+02,7.458556545794530166e+02,1.011029154649940438e+03,1.187006211667096295e+03,1.284640167272207236e+03,1.316312044928686419e+03,1.294966022588372425e+03,1.233295130124156231e+03,1.143105793746268091e+03
2.751575861619933676e+03,3.225611133447588600e+03,3.730559617061929657e+03,4.254702766214198164e+03,4.782592990091914544e+03,5.295121994338965123e+03,5.769868283384035749e+03,6.181757880464197115e+03,6.504050433598657037e+03,6.709634984940303184e+03,6.772587737966694476e+03,6.669911025341776622e+03,6.383341928993673719e+03,5.901094555761014817e+03,5.219385634974497407e+03,4.343592039648292484e+03,3.288903030576829224e+03,2.080359868573298172e+03,7.522194545525758258e+02,-6.533665330572831635e+02,-2.088304956494857834e+03,-3.501034783003899065e+03,-4.839355569224820101e+03,-6.053405717413207640e+03,-7.098563860784714961e+03,-7.938046670894065755e+03,-8.544998435065230296e+03,-8.903910034951722992e+03,-9.011263177812465074e+03,-8.875363713960960013e+03,-8.515398329542666033e+03,-7.959814357160636064e+03,-7.244176169961536289e+03,-6.408688453338628278e+03,-5.495593562105912497e+03,-4.546646564463751929e+03,-3.600849194254989470e+03,-2.692586510659802570e+03,-1.850262711600103785e+03,-1.095481022363401507e+03,-4.427625364131829997e+02,1.002447988986195924e+02,5.321495698824313649e+02,8.568968423276226076e+02,1.082657989798015706e+03,1.220641281324421243e+03,1.283922118529779709e+03,1.286373028863289846e+03,1.241750949734547021e+03,1.162975858676478765e+03
3.077672644490772200e+03,3.613318233448448609e+03,4.185839051811121863e+03,4.782592990091914544e+03,5.386758482582480610e+03,5.977377412169145828e+03,6.529703990083773533e+03,7.015899523099415092e+03,7.406089414094903077e+03,7.669768392008718365e+03,7.777504897463419184e+03,7.702858842054960405e+03,7.424392495939114269e+03,6.927626350043521597e+03,6.206774675927387761e+03,5.266092735434409406e+03,4.120681499122003515e+03,2.796626913508416237e+03,1.330397775045050594e+03,-2.325144006896877045e+02,-1.839663855377679511e+03,-3.434311236415575877e+03,-4.958500746672931200e+03,-6.356332568872521733e+03,-7.577183394233436047e+03,-8.578625173947271833e+03,-9.328813751221940038e+03,-9.808163021291544283e+03,-1.001018225585373330e+04,-9.941427645361585746e+03,-9.620596088694852369e+03,-9.076861625188992548e+03,-8.347615212006008733e+03,-7.475810980244382336e+03,-6.507143119683437362e+03,-5.487276218206782687e+03,-4.459329865397447065e+03,-3.461779470137803401e+03,-2.526884956821169453e+03,-1.679703492143612493e+03,-9.376878150421340479e+02,-3.108234867451644732e+02,1.977794882800322398e+02,5.909502766312559743e+02,8.762972166327348305e+02,1.064944248186894356e+03,1.170272143241821595e+03,1.206753560608899988e+03,1.188947143859674270e+03,1.130690741945908485e+03
3.388600942770466645e+03,3.985092266158014354e+03,4.625044637210931796e+03,5.295121994338965123e+03,5.977377412169145828e+03,6.649258528485250281e+03,7.283941892767410536e+03,7.851042425813709997e+03,8.317719388537298073e+03,8.650167916722002701e+03,8.815447410260181641e+03,8.783558108781715418e+03,8.529639177992377881e+03,8.036130217930571234e+03,7.294717902912760110e+03,6.307884437938417250e+03,5.089887350554728073e+03,3.667031693120753516e+03,2.077144699095588294e+03,3.682257525858952931e+02,-1.403684404486662970e+03,-3.177299082004611591e+03,-4.889363939341238620e+03,-6.478185034867929062e+03,-7.887142551271987941e+03,-9.067919821406394476e+03,-9.983197050387532727e+03,-1.060860338788071749e+04,-1.093378528946724691e+04,-1.096252660948921948e+04,-1.071193828587082317e+04,-1.021081406140903346e+04,-9.497315339166289050e+03,-8.616196530993234774e+03,-7.615808036250902660e+03,-6.545115948100396054e+03,-5.450957153933717564e+03,-4.375709503404083989e+03,-3.355504745757390538e+03,-2.419053503218037349e+03,-1.587093226559989489e+03,-8.724177208338439868e+02,-2.804049399237363218e+02,1.900688765524139114e+02,5.454550329352533709e+02,7.962253222658101777e+02,9.555485795831497171e+02,1.038048136429172473e+03,1.058713082230077816e+03,1.032009978568606584e+03
3.669230883969566548e+03,4.323416159975186929e+03,5.028200062105590405e+03,5.769868283384035749e+03,6.529703990083773533e+03,7.283941892767410536e+03,8.004068446818278971e+03,8.657520951061240339e+03,9.208812917025357820e+03,9.621079415023366892e+03,9.857996279002298252e+03,9.885984383355154932e+03,9.676568996598960439e+03,9.208729371283970977e+03,8.471050192896242152e+03,7.463478618795483271e+03,6.198501446703619877e+03,4.701587650014446808e+03,3.010791028322635157e+03,1.175472578745169358e+03,-7.458232641822742153e+02,-2.688227472576995297e+03,-4.583958233812218168e+03,-6.366046409070950176e+03,-7.972098878533584866e+03,-9.347813056209564820e+03,-1.044997233242386210e+04,-1.124869489029665056e+04,-1.172877296706389825e+04,-1.189001935756205421e+04,-1.174662424826480128e+04,-1.132560916532057854e+04,-1.066453728375028368e+04,-9.808693518179765306e+03,-8.807979021413706505e+03,-7.713771117542775755e+03,-6.575982349756392978e+03,-5.440514860444436636e+03,-4.347254308804036555e+03,-3.328687634697354042e+03,-2.409168059588052529e+03,-1.604794997919455454e+03,-9.238309517328257243e+02,-3.675451684549177003e+02,6.864382657063512738e+01,3.938582039980761920e+02,6.204059094586425545e+02,7.624852919246104648e+02,8.350296059261252140e+02,8.527450570525713829e+02
3.902876573187508257e+03,4.608891879809123566e+03,5.373081913401435486e+03,6.181757880464197115e+03,7.015899523099415092e+03,7.851042425813709997e+03,8.657520951061240339e+03,9.401126295883388593e+03,1.004421395134345948e+04,1.054726072769568054e+04,1.087083049692586610e+04,1.097786318333014788e+04,1.083615766185429857e+04,1.042088115557021229e+04,9.716910649238267069e+03,8.720800417001919413e+03,7.442177432305344155e+03,5.904394766683843045e+03,4.144321370096437931e+03,2.211211660898068658e+03,1.646746162903824597e+02,-1.928157807187262051e+03,-3.996087464155509679e+03,-5.967693859579617310e+03,-7.775284469523256121e+03,-9.358654203978101577e+03,-1.066836806636929759e+04,-1.166831995227131483e+04,-1.233738305120013320e+04,-1.267004687266680776e+04,-1.267602399909327141e+04,-1.237889692310676401e+04,-1.181395273813574750e+04,-1.102541343504514043e+04,-1.006330683462904926e+04,-8.980235311878126595e+03,-7.828286963381028727e+03,-6.656299953345710492e+03,-5.507640767766486533e+03,-4.418597613231662763e+03,-3.417428191067276202e+03,-2.524043037755392561e+03,-1.750256823285089922e+03,-1.100504038259519803e+03,-5.728940994849862136e+02,-1.604739701997066277e+02,1.474276994461081358e+02,3.638848810925894099e+02,5.031740886598695397e+02,5.797509367934595730e+02
4.072005284327399295e+03,4.821046753971972976e+03,5.636120104874256867e+03,6.504050433598657037e+03,7.406089414094903077e+03,8.317719388537298073e+03,9.208812917025357820e+03,1.004421395134345948e+04,1.078478272545769869e+04,1.138891295902135244e+04,1.181448886677628798e+04,1.202120388212935723e+04,1.197311721259889600e+04,1.164128341663250103e+04,1.100625945170746490e+04,1.006027801358857687e+04,8.808879271694986528e+03,7.271817340250579946e+03,5.483102779185095642e+03,3.490105362413257808e+03,1.351717142532296975e+03,-8.643426383324431299e+02,-3.084920338556304159e+03,-5.235290266105479532e+03,-7.243209738332125198e+03,-9.042866190920400186e+03,-1.057841998650175447e+04,-1.180687907571678807e+04,-1.270009918216583173e+04,-1.324577966896439830e+04,-1.344741252613212237e+04,-1.332323073030425076e+04,-1.290428337602668034e+04,-1.223183045860110724e+04,-1.135429411949054520e+04,-1.032402239215945156e+04,-9.194115801450288927e+03,-8.015539134811875556e+03,-6.834695126233203155e+03,-5.691579957156885939e+03,-4.618579254338756073e+03,-3.639904237891436424e+03,-2.771616401125359516e+03,-2.022149593402346454e+03,-1.393212821229729116e+03,-8.809458629025509708e+02,-4.772017055055028436e+02,-1.708424622681028495e+02,5.104430576711604317e+01,2.020774150625009611e+02
4.159146295747709701e+03,4.939374146511758227e+03,5.793569619010102542e+03,6.709634984940303184e+03,7.669768392008718365e+03,8.650167916722002701e+03,9.621079415023366892e+03,1.054726072769568054e+04,1.138891295902135244e+04,1.210309793143982643e+04,1.264562102963966936e+04,1.297331330765576422e+04,1.304659997004099205e+04,1.283219907648414664e+04,1.230575988369547122e+04,1.145422972168186971e+04,1.027773586195942516e+04,8.790787024069817562e+03,7.022638390818916378e+03,5.016722220702752566e+03,2.829118872113486304e+03,5.261237005290211073e+02,-1.818954168075196094e+03,-4.129553294914590879e+03,-6.329918510084658919e+03,-8.349161431366985198e+03,-1.012502281126323578e+04,-1.160705984962282309e+04,-1.275903083581831743e+04,-1.356031954470404526e+04,-1.400632523471139029e+04,-1.410783203205139034e+04,-1.388945480669042081e+04,-1.338732907274671015e+04,-1.264626351034996696e+04,-1.171660144173719527e+04,-1.065104086402178837e+04,-9.501643076561074849e+03,-8.317221532054158160e+03,-7.141250956065374339e+03,-6.010378535957885106e+03,-4.953560586609735765e+03,-3.991795299217174943e+03,-3.138379373402958663e+03,-2.399586252035620873e+03,-1.775647302480244207e+03,-1.261913997122346245e+03,-8.500870443412804889e+02,-5.294147668354954703e+02,-2.877846887342834066e+02
4.147962261401459727e+03,4.944567180017224018e+03,5.822908626983362410e+03,6.772587737966694476e+03,7.777504897463419184e+03,8.815447410260181641e+03,9.857996279002298252e+03,1.087083049692586610e+04,1.181448886677628798e+04,1.264562102963966936e+04,1.331872219804270208e+04,1.378830239626798721e+04,1.401139441579880440e+04,1.395025979057042423e+04,1.357511405104426012e+04,1.286666648440867357e+04,1.181826008705204731e+04,1.043740746799571207e+04,8.746549341554222337e+03,6.782912817615511813e+03,4.597413428529118391e+03,2.252621996866145764e+03,-1.801023347878840468e+02,-2.624136555132788544e+03,-5.001537609058486851e+03,-7.237125979990879387e+03,-9.262413044330141929e+03,-1.101908715121124987e+04,-1.246181074258129047e+04,-1.356014075281613987e+04,-1.429946064776653475e+04,-1.468089670763972026e+04,-1.472027475844349465e+04,-1.444624812677792215e+04,-1.389778611960471062e+04,-1.312124994457012144e+04,-1.216729741406366884e+04,-1.108784943191979255e+04,-9.933322989785650861e+03,-8.750291929149087082e+03,-7.579683933206324582e+03,-6.455566322999497061e+03,-5.404520051370956935e+03,-4.445555588477762285e+03,-3.590489500212564963e+03,-2.844678139919675232e+03,-2.207995134947429506e+03,-1.675941044545633758e+03,-1.240784507062120156e+03,-8.926516335647469305e+02
4.024423886324257182e+03,4.819878514349116813e+03,5.704388641390636622e+03,6.669911025341776622e+03,7.702858842054960405e+03,8.783558108781715418e+03,9.885984383355154932e+03,1.097786318333014788e+04,1.202120388212935723e+04,1.297331330765576422e+04,1.378830239626798721e+04,1.441905876998457825e+04,1.481961298117662409e+04,1.494778047474722916e+04,1.476791988198590116e+04,1.425361617652050336e+04,1.339007923574556116e+04,1.217604819995641628e+04,1.062501183155122271e+04,8.765594896354945377e+03,6.641018157148258979e+03,4.307610373440927106e+03,1.832428347149512774e+03,-7.098820808995131983e+02,-3.240783077549211612e+03,-5.681846942181565282e+03,-7.958780367226527233e+03,-1.000518342599812058e+04,-1.176577766630299448e+04,-1.319888355086299453e+04,-1.427799258632266537e+04,-1.499235692515379196e+04,-1.534660091705474042e+04,-1.535943673937537460e+04,-1.506163235596328741e+04,-1.449342879155630362e+04,-1.370163145584935410e+04,-1.273660591446735998e+04,-1.164939344284115941e+04,-1.048912935916165225e+04,-9.300902450549438072e+03,-8.124142486225255197e+03,-6.991570583350088782e+03,-5.928699154632058708e+03,-4.953828292140193298e+03,-4.078456278050493438e+03,-3.308004510880901762e+03,-2.642751164114000403e+03,-2.078871905560631603e+03,-1.609497791654909179e+03
3.778008695478435129e+03,4.552515786311966622e+03,5.422635333851205360e+03,6.383341928993673719e+03,7.424392495939114269e+03,8.529639177992377881e+03,9.676568996598960439e+03,1.083615766185429857e+04,1.197311721259889600e+04,1.304659997004099205e+04,1.401139441579880440e+04,1.481961298117662409e+04,1.542282950937254645e+04,1.577457865875227435e+04,1.583308505661178424e+04,1.556405147859260978e+04,1.494330766550446788e+04,1.395910898056106817e+04,1.261388014598636073e+04,1.092522522330916217e+04,8.926070134878085810e+03,6.663865422662004676e+03,4.198849557672805531e+03,1.601450252065204040e+03,-1.051024752882517305e+03,-3.678192745590212780e+03,-6.200636707225079590e+03,-8.543898489898601838e+03,-1.064214396632437274e+04,-1.244124744521932735e+04,-1.390109289620643904e+04,-1.499695687772577730e+04,-1.571991543320490928e+04,-1.607629664829629110e+04,-1.608627416044445272e+04,-1.578175780094455149e+04,-1.520378060572422146e+04,-1.439960377667677676e+04,-1.341976235228299447e+04,-1.231525617355175200e+04,-1.113505689133797750e+04,-9.924057193274489691e+03,-8.721538630434490187e+03,-7.560184762159423371e+03,-6.465621458850275303e+03,-5.456429608728327366e+03,-4.544549295912578600e+03,-3.735979484904316450e+03,-3.031672837925190834e+03,-2.428530000742463926e+03
3.402829516010037878e+03,4.134964297489148521e+03,4.968177522142536873e+03,5.901094555761014817e+03,6.927626350043521597e+03,8.036130217930571234e+03,9.208729371283970977e+03,1.042088115557021229e+04,1.164128341663250103e+04,1.283219907648414664e+04,1.395025979057042423e+04,1.494778047474722916e+04,1.577457865875227435e+04,1.638024843508618869e+04,1.671679181244646315e+04,1.674146508577125496e+04,1.641965946688435724e+04,1.572760871774353836e+04,1.465470625706412466e+04,1.320522322080014783e+04,1.139924843691429851e+04,9.272720195200057788e+03,6.876484708332825903e+03,4.274391816851643853e+03,1.540517733505262640e+03,-1.244320444785605105e+03,-3.996530923450930459e+03,-6.633922663045769696e+03,-9.079798556422401816e+03,-1.126668081096197056e+04,-1.313941465613161199e+04,-1.465745042824566190e+04,-1.579617458563964465e+04,-1.654723987707932247e+04,-1.691792556280164717e+04,-1.692963233850425604e+04,-1.661567665360153842e+04,-1.601859053832534119e+04,-1.518715327616296236e+04,-1.417338014425881374e+04,-1.302967311851639715e+04,-1.180630282937216180e+04,-1.054934525565024160e+04,-9.299146214971184236e+03,-8.089336984216926794e+03,-6.946379903394290523e+03,-5.889586930867567389e+03,-4.931528789961575967e+03,-4.078738151835613280e+03,-3.332606591777452195e+03
2.898590461037402292e+03,3.566118842930705796e+03,4.338769971695605818e+03,5.219385634974497407e+03,6.206774675927387761e+03,7.294717902912760110e+03,8.471050192896242152e+03,9.716910649238267069e+03,1.100625945170746490e+04,1.230575988369547122e+04,1.357511405104426012e+04,1.476791988198590116e+04,1.583308505661178424e+04,1.671679181244646315e+04,1.736495778830834752e+04,1.772608622675046354e+04,1.775434904659773019e+04,1.741270419633715574e+04,1.667581992323673330e+04,1.553256796908695105e+04,1.398785854421827389e+04,1.206362342836306198e+04,9.798808384698188092e+03,7.248308348664108053e+03,4.480862339453704408e+03,1.576011792828778198e+03,-1.379692758707990379e+03,-4.296984612563522205e+03,-7.088375683238730744e+03,-9.672536222360304237e+03,-1.197825209799300865e+04,-1.394768958118072078e+04,-1.553875863968996964e+04,-1.672644393272797242e+04,-1.750305973689694656e+04,-1.787747194536631287e+04,-1.787340852468084631e+04,-1.752704225285127904e+04,-1.688407122807420092e+04,-1.599654115226540671e+04,-1.491964904293786458e+04,-1.370874348820711748e+04,-1.241669635800016113e+04,-1.109177067499238547e+04,-9.776055139777301520e+03,-8.504483232410548226e+03,-7.304408555674822310e+03,-6.195671479367762913e+03,-5.191067014848818872e+03,-4.297110552204900159e+03
2.271269726104986148e+03,2.852107578383736836e+03,3.540375824219217066e+03,4.343592039648292484e+03,5.266092735434409406e+03,6.307884437938417250e+03,7.463478618795483271e+03,8.720800417001919413e+03,1.006027801358857687e+04,1.145422972168186971e+04,1.286666648440867357e+04,1.425361617652050336e+04,1.556405147859260978e+04,1.674146508577125496e+04,1.772608622675046354e+04,1.845767426753412656e+04,1.887876356645870692e+04,1.893817500205620308e+04,1.859456061848773606e+04,1.781971534715211601e+04,1.660137939917400217e+04,1.494527034768163685e+04,1.287612612900773820e+04,1.043760711413673016e+04,7.690991875760575567e+03,4.712699469492878961e+03,1.590771268287940757e+03,-1.579462793933229477e+03,-4.700235190901984424e+03,-7.676363471470096556e+03,-1.042008360921852000e+04,-1.285535085149361112e+04,-1.492131400304330054e+04,-1.657474394793333340e+04,-1.779128955539735762e+04,-1.856553398946838570e+04,-1.890992150465413579e+04,-1.885270957263969467e+04,-1.843516609684505966e+04,-1.770827168119976704e+04,-1.672920063680057137e+04,-1.555784284914946693e+04,-1.425359557494068940e+04,-1.287260533619901616e+04,-1.146558197082286279e+04,-1.007624633187847576e+04,-8.740416178958601449e+03,-7.485686282949560336e+03,-6.331621863725673393e+03,-5.290360676606211200e+03
1.533440546307175055e+03,2.006703932869650998e+03,2.587688344035531372e+03,3.288903030576829224e+03,4.120681499122003515e+03,5.089887350554728073e+03,6.198501446703619877e+03,7.442177432305344155e+03,8.808879271694986528e+03,1.027773586195942516e+04,1.181826008705204731e+04,1.339007923574556116e+04,1.494330766550446788e+04,1.641965946688435724e+04,1.775434904659773019e+04,1.887876356645870692e+04,1.972381786022465531e+04,2.022382659441292708e+04,2.032065822149593805e+04,1.996787936556721979e+04,1.913456475141560441e+04,1.780844295575182696e+04,1.599807565265900121e+04,1.373382763204101866e+04,1.106747281533197201e+04,8.070390235573556311e+03,4.830423004940394094e+03,1.447590414192108938e+03,-1.971054031915857195e+03,-5.317048866462095248e+03,-8.486222609657555950e+03,-1.138404679227303313e+04,-1.393026235365552020e+04,-1.606246734355575245e+04,-1.773845011192510719e+04,-1.893716424554420519e+04,-1.965835729315467324e+04,-1.992097292632229801e+04,-1.976053537193517332e+04,-1.922578824522833020e+04,-1.837489326792896827e+04,-1.727149734878980234e+04,-1.598095202380421688e+04,-1.456692281710856514e+04,-1.308856488841371538e+04,-1.159837321539150798e+04,-1.014074800891476480e+04,-8.751255410246119936e+03,-7.456514407175389351e+03,-6.274606013915444237e+03
7.041642336758040983e+02,1.051247891888611548e+03,1.504099484980960369e+03,2.080359868573298172e+03,2.796626913508416237e+03,3.667031693120753516e+03,4.701587650014446808e+03,5.904394766683843045e+03,7.271817340250579946e+03,8.790787024069817562e+03,1.043740746799571207e+04,1.217604819995641628e+04,1.395910898056106817e+04,1.572760871774353836e+04,1.741270419633715574e+04,1.893817500205620308e+04,2.022382659441292708e+04,2.118967072387363078e+04,2.176065067886266479e+04,2.187159878329089406e+04,2.147205568209350895e+04,2.053055430437919131e+04,1.903798217366762037e+04,1.700968616207756713e+04,1.448607145935033623e+04,1.153156438231214270e+04,8.231945566626183791e+03,4.690202106350723625e+03,1.021179223010903570e+03,-2.654580321730475589e+03,-6.217349395599984746e+03,-9.554594960902060848e+03,-1.256675337369641056e+04,-1.517199654149317939e+04,-1.730968141865019061e+04,-1.894229822784443240e+04,-2.005586639123104396e+04,-2.065885720748835593e+04,-2.077983588800590223e+04,-2.046410250258857923e+04,-1.976966528892077258e+04,-1.876289845912647797e+04,-1.751422195148415631e+04,-1.609409778584860396e+04,-1.456957443649101697e+04,-1.300153578352779732e+04,-1.144273360480108568e+04,-9.936610076174943970e+03,-8.516855457516754541e+03,-7.207599985150056455e+03
-1.915789498948446123e+02,1.403412468298716931e+01,3.210630727685584134e+02,7.522194545525758258e+02,1.330397775045050594e+03,2.077144699095588294e+03,3.010791028322635157e+03,4.144321370096437931e+03,5.483102779185095642e+03,7.022638390818916378e+03,8.746549341554222337e+03,1.062501183155122271e+04,1.261388014598636073e+04,1.465470625706412466e+04,1.667581992323673330e+04,1.859456061848773606e+04,2.032065822149593805e+04,2.176065067886266479e+04,2.282311428906139190e+04,2.342437824502371586e+04,2.349431255447883086e+04,2.298172919399250532e+04,2.185892923554147637e+04,2.012496825825040287e+04,1.780729784112106790e+04,1.496156591859027867e+04,1.166951171699370570e+04,8.035056411124178339e+03,4.178851007930578817e+03,2.316808637057824853e+02,-3.672773386366477553e+03,-7.405266620510353277e+03,-1.084786117529932017e+04,-1.389984290913154291e+04,-1.648228300858150396e+04,-1.854097892763668642e+04,-2.004765749124404465e+04,-2.099947429973875478e+04,-2.141698062300232414e+04,-2.134083917231266605e+04,-2.082764472778819982e+04,-1.994524055775237139e+04,-1.876791761752191451e+04,-1.737184553232201870e+04,-1.583102031520027958e+04,-1.421393337690925546e+04,-1.258107977858227969e+04,-1.098334015552319033e+04,-9.461197823211801733e+03,-8.044695437905694234e+03
-1.123916778660387081e+03,-1.070831453770518692e+03,-9.231499734809071924e+02,-6.533665330572831635e+02,-2.325144006896877045e+02,3.682257525858952931e+02,1.175472578745169358e+03,2.211211660898068658e+03,3.490105362413257808e+03,5.016722220702752566e+03,6.782912817615511813e+03,8.765594896354945377e+03,1.092522522330916217e+04,1.320522322080014783e+04,1.553256796908695105e+04,1.781971534715211601e+04,1.996787936556721979e+04,2.187159878329089406e+04,2.342437824502371586e+04,2.452506645693585597e+04,2.508452748083366168e+04,2.503208940837605769e+04,2.432122899104364478e+04,2.293397812386884107e+04,2.088361934263799048e+04,1.821536712380110112e+04,1.500489802871844950e+04,1.135477891160728541e+04,7.389028835489289122e+03,3.246216809818013189e+03,-9.283741635027818120e+02,-4.990909715870209766e+03,-8.806869305563188391e+03,-1.225803282879351536e+04,-1.524810414018147640e+04,-1.770662503583416401e+04,-1.959099631386189503e+04,-2.088659226253262023e+04,-2.160511346425864031e+04,-2.178145487318970845e+04,-2.146946069290503510e+04,-2.073698879953385767e+04,-1.966071484217358375e+04,-1.832107406410406111e+04,-1.679767543632733577e+04,-1.516543831506946117e+04,-1.349160775254799228e+04,-1.183371140328383080e+04,-1.023843751954896652e+04,-8.741346176802901027e+03
-2.059523969073430635e+03,-2.165057134413749282e+03,-2.185252591628116079e+03,-2.088304956494857834e+03,-1.839663855377679511e+03,-1.403684404486662970e+03,-7.458232641822742153e+02,1.646746162903824597e+02,1.351717142532296975e+03,2.829118872113486304e+03,4.597413428529118391e+03,6.641018157148258979e+03,8.926070134878085810e+03,1.139924843691429851e+04,1.398785854421827389e+04,1.660137939917400217e+04,1.913456475141560441e+04,2.147205568209350895e+04,2.349431255447883086e+04,2.508452748083366168e+04,2.613604978995349302e+04,2.655976358019359759e+04,2.629081219663053707e+04,2.529407849700137012e+04,2.356790474658666062e+04,2.114566733037393715e+04,1.809499752737462404e+04,1.451464278411248779e+04,1.052917183204450339e+04,6.281919016106416166e+03,1.926717445750433853e+03,-2.380929453786723570e+03,-6.492552745920200323e+03,-1.027464489844397576e+04,-1.361524682600106462e+04,-1.642877435560364756e+04,-1.865883645994381732e+04,-2.027898255100804090e+04,-2.129149309551078477e+04,-2.172447934339995481e+04,-2.162767092875994058e+04,-2.106733691087456100e+04,-2.012080475331690832e+04,-1.887101651037485863e+04,-1.740150017362147992e+04,-1.579204764190937931e+04,-1.411529120781382881e+04,-1.243426949347854315e+04,-1.080098141740400024e+04,-9.255850461872712913e+03
-2.963386692153513650e+03,-3.228176494582909982e+03,-3.419193403944721922e+03,-3.501034783003899065e+03,-3.434311236415575877e+03,-3.177299082004611591e+03,-2.688227472576995297e+03,-1.928157807187262051e+03,-8.643426383324431299e+02,5.261237005290211073e+02,2.252621996866145764e+03,4.307610373440927106e+03,6.663865422662004676e+03,9.272720195200057788e+03,1.206362342836306198e+04,1.494527034768163685e+04,1.780844295575182696e+04,2.053055430437919131e+04,2.298172919399250532e+04,2.503208940837605769e+04,2.655976358019359759e+04,2.745902869247946001e+04,2.764792813565509277e+04,2.707471133844738870e+04,2.572250666740352608e+04,2.361176909741533382e+04,2.080022580620986264e+04,1.738025831452789862e+04,1.347388642047163194e+04,9.225732479415783018e+03,4.794521381273651059e+03,3.437929747430716816e+02,-3.967442552378479377e+03,-7.993393829545298104e+03,-1.160889494718780770e+04,-1.471504355366531672e+04,-1.724276327218504593e+04,-1.915417914825685511e+04,-2.044188619646614461e+04,-2.112635872916161679e+04,-2.125187709032734710e+04,-2.088142949010711163e+04,-2.009107689881903570e+04,-1.896425138665449049e+04,-1.758640071142976376e+04,-1.604030549086154497e+04,-1.440229262139243656e+04,-1.273946223672544875e+04,-1.110794636438848829e+04,-9.552133879785593308e+03
-3.800771806988693243e+03,-4.219808257044655875e+03,-4.578707424932348658e+03,-4.839355569224820101e+03,-4.958500746672931200e+03,-4.889363939341238620e+03,-4.583958233812218168e+03,-3.996087464155509679e+03,-3.084920338556304159e+03,-1.818954168075196094e+03,-1.801023347878840468e+02,1.832428347149512774e+03,4.198849557672805531e+03,6.876484708332825903e+03,9.798808384698188092e+03,1.287612612900773820e+04,1.599807565265900121e+04,1.903798217366762037e+04,2.185892923554147637e+04,2.432122899104364478e+04,2.629081219663053707e+04,2.764792813565509277e+04,2.829546618741832208e+04,2.816619675432864460e+04,2.722828576431037800e+04,2.548856177071840648e+04,2.299319716936165787e+04,1.982568723882568520e+04,1.610224927226399996e+04,1.196499327006263957e+04,7.573410625329503091e+03,3.094867128267879252e+03,-1.305142712642566266e+03,-5.472227379612373625e+03,-9.271139719063150551e+03,-1.259208860773698689e+04,-1.535496161531538928e+04,-1.751130105166020076e+04,-1.904407664954519714e+04,-1.996547760551900137e+04,-2.031308841876715451e+04,-2.014490635911863137e+04,-1.953369935833162890e+04,-1.856119378826383036e+04,-1.731252933125934578e+04,-1.587133401110299019e+04,-1.431566936227833503e+04,-1.271498668696315508e+04,-1.112813196453535420e+04,-9.602348282260016276e+03
-4.539255332031618309e+03,-5.101998825069010309e+03,-5.619979301465804383e+03,-6.053405717413207640e+03,-6.356332568872521733e+03,-6.478185034867929062e+03,-6.366046409070950176e+03,-5.967693859579617310e+03,-5.235290266105479532e+03,-4.129553294914590879e+03,-2.624136555132788544e+03,-7.098820808995131983e+02,1.601450252065204040e+03,4.274391816851643853e+03,7.248308348664108053e+03,1.043760711413673016e+04,1.373382763204101866e+04,1.700968616207756713e+04,2.012496825825040287e+04,2.293397812386884107e+04,2.529407849700137012e+04,2.707471133844738870e+04,2.816619675432864460e+04,2.848757977145669429e+04,2.799283927280262287e+04,2.667488969007861306e+04,2.456698431428061303e+04,2.174135184475596907e+04,1.830514173210835361e+04,1.439399269941703278e+04,1.016374665490665939e+04,5.780984844960972623e+03,1.413148847564958032e+03,-2.780981445206320586e+03,-6.659745614733112234e+03,-1.010541814316483396e+04,-1.302897958152093997e+04,-1.537264350303922765e+04,-1.711014412988962067e+04,-1.824497594866149666e+04,-1.880692728701629312e+04,-1.884735304552934394e+04,-1.843368240373444132e+04,-1.764365657578946048e+04,-1.655974627426316874e+04,-1.526411910854870075e+04,-1.383442651430293699e+04,-1.234057114051684766e+04,-1.084251082828409199e+04,-9.389063902527421305e+03
-5.150653274508969844e+03,-5.841467147586030478e+03,-6.504215137966497423e+03,-7.098563860784714961e+03,-7.577183394233436047e+03,-7.887142551271987941e+03,-7.972098878533584866e+03,-7.775284469523256121e+03,-7.243209738332125198e+03,-6.329918510084658919e+03,-5.001537609058486851e+03,-3.240783077549211612e+03,-1.051024752882517305e+03,1.540517733505262640e+03,4.480862339453704408e+03,7.690991875760575567e+03,1.106747281533197201e+04,1.448607145935033623e+04,1.780729784112106790e+04,2.088361934263799048e+04,2.356790474658666062e+04,2.572250666740352608e+04,2.722828576431037800e+04,2.799283927280262287e+04,2.795722792775452763e+04,2.710059972633126745e+04,2.544227783064604591e+04,2.304109679437134764e+04,1.999201356337214384e+04,1.642026128330524807e+04,1.247352868222541292e+04,8.312812766269091298e+03,4.102690989751765301e+03,1.782300206323043312e+00,-3.845885125476726444e+03,-7.317999079010200148e+03,-1.031914833517566694e+04,-1.278383071765921159e+04,-1.467725036502133662e+04,-1.599405837162191892e+04,-1.675534626957103319e+04,-1.700431194663780479e+04,-1.680107648344271001e+04,-1.621713832000969524e+04,-1.532991395194013421e+04,-1.421774196490470422e+04,-1.295563197863298774e+04,-1.161193490819693397e+04,-1.024600777066901173e+04,-8.906854757485582013e+03
-5.612701560802362110e+03,-6.411574531309253871e+03,-7.199920738842125502e+03,-7.938046670894065755e+03,-8.578625173947271833e+03,-9.067919821406394476e+03,-9.347813056209564820e+03,-9.358654203978101577e+03,-9.042866190920400186e+03,-8.349161431366985198e+03,-7.237125979990879387e+03,-5.681846942181565282e+03,-3.678192745590212780e+03,-1.244320444785605105e+03,1.576011792828778198e+03,4.712699469492878961e+03,8.070390235573556311e+03,1.153156438231214270e+04,1.496156591859027867e+04,1.821536712380110112e+04,2.114566733037393715e+04,2.361176909741533382e+04,2.548856177071840648e+04,2.667488969007861306e+04,2.710059972633126745e+04,2.673165217075780674e+04,2.557283341285599454e+04,2.366781340974554769e+04,2.109652436510545522e+04,1.797007422357491305e+04,1.442362388934133924e+04,1.060782753094337022e+04,6.679543560629088461e+03,2.792560170688040216e+03,-9.109573707655904400e+02,-4.307692707877874454e+03,-7.298626004727108011e+03,-9.812436432677204721e+03,-1.180678776798098625e+04,-1.326760940026786193e+04,-1.420664040874623242e+04,-1.465761817929034987e+04,-1.467155849199244949e+04,-1.431159042084792236e+04,-1.364778153192272111e+04,-1.275232569570029045e+04,-1.169537882960062780e+04,-1.054172935569741094e+04,-9.348391646222502459e+03,-8.163121824542799004e+03
-5.910350560523941567e+03,-6.793862431240093429e+03,-7.684705694246915300e+03,-8.544998435065230296e+03,-9.328813751221940038e+03,-9.983197050387532727e+03,-1.044997233242386210e+04,-1.066836806636929759e+04,-1.057841998650175447e+04,-1.012502281126323578e+04,-9.262413044330141929e+03,-7.958780367226527233e+03,-6.200636707225079590e+03,-3.996530923450930459e+03,-1.379692758707990379e+03,1.590771268287940757e+03,4.830423004940394094e+03,8.231945566626183791e+03,1.166951171699370570e+04,1.500489802871844950e+04,1.809499752737462404e+04,2.080022580620986264e+04,2.299319716936165787e+04,2.456698431428061303e+04,2.544227783064604591e+04,2.557283341285599454e+04,2.494873003340443756e+04,2.359714845901639637e+04,2.158059708660072647e+04,1.899273779888104036e+04,1.595217400404564978e+04,1.259473390340774858e+04,9.064896868960280699e+03,5.507059121676044924e+03,2.057314263836819919e+03,-1.163659741713657240e+03,-4.056150276277411649e+03,-6.545107546305496726e+03,-8.581882140399178752e+03,-1.014406959677049599e+04,-1.123367972764464321e+04,-1.187396259136058507e+04,-1.210529311644911286e+04,-1.198054083263530629e+04,-1.156033353306332538e+04,-1.090857165842508584e+04,-1.008847404851589090e+04,-9.159346757469738805e+03,-8.174175721312065434e+03,-7.178060405696869566e+03
-6.036571901431149854e+03,-6.979037312879012461e+03,-7.946472258566956953e+03,-8.903910034951722992e+03,-9.808163021291544283e+03,-1.060860338788071749e+04,-1.124869489029665056e+04,-1.166831995227131483e+04,-1.180687907571678807e+04,-1.160705984962282309e+04,-1.101908715121124987e+04,-1.000518342599812058e+04,-8.543898489898601838e+03,-6.633922663045769696e+03,-4.296984612563522205e+03,-1.579462793933229477e+03,1.447590414192108938e+03,4.690202106350723625e+03,8.035056411124178339e+03,1.135477891160728541e+04,1.451464278411248779e+04,1.738025831452789862e+04,1.982568723882568520e+04,2.174135184475596907e+04,2.304109679437134764e+04,2.366781340974554769e+04,2.359714845901639637e+04,2.283898169645199960e+04,2.143655177853203713e+04,1.946331779452773480e+04,1.701784112052951241e+04,1.421713859896972644e+04,1.118907613803815730e+04,8.064430754586538569e+03,4.969245124996143204e+03,2.018035531358527351e+03,-6.916980782753566928e+02,-3.083357238784907167e+03,-5.103384757199669366e+03,-6.721678640770745915e+03,-7.930441509162982584e+03,-8.741737974110179493e+03,-9.184105206983511380e+03,-9.298593715548217006e+03,-9.134608492960705917e+03,-8.745881360427905747e+03,-8.186842291466184179e+03,-7.509580763596156430e+03,-6.761507555207578662e+03,-5.983751442742707695e+03
-5.992617648070638097e+03,-6.967329716405971340e+03,-7.983901405183742099e+03,-9.011263177812465074e+03,-1.001018225585373330e+04,-1.093378528946724691e+04,-1.172877296706389825e+04,-1.233738305120013320e+04,-1.270009918216583173e+04,-1.275903083581831743e+04,-1.246181074258129047e+04,-1.176577766630299448e+04,-1.064214396632437274e+04,-9.079798556422401816e+03,-7.088375683238730744e+03,-4.700235190901984424e+03,-1.971054031915857195e+03,1.021179223010903570e+03,4.178851007930578817e+03,7.389028835489289122e+03,1.052917183204450339e+04,1.347388642047163194e+04,1.610224927226399996e+04,1.830514173210835361e+04,1.999201356337214384e+04,2.109652436510545522e+04,2.158059708660072647e+04,2.143655177853203713e+04,2.068715532861356769e+04,1.938360655356744610e+04,1.760165589154006011e+04,1.543621592171414704e+04,1.299493692535106675e+04,1.039128956966167061e+04,7.737709616849279882e+03,5.139318948942433053e+03,2.688650758480395780e+03,4.616867673258436753e+02,-1.484624081569844293e+03,-3.113336980788844812e+03,-4.407073049052258284e+03,-5.366376926746042955e+03,-6.007148850067351304e+03,-6.357468130604530415e+03,-6.454129078451785972e+03,-6.339184873729132960e+03,-6.056746755669107188e+03,-5.650223536107073414e+03,-5.160118376399388580e+03,-4.622433649320959375e+03
-5.787719965286752995e+03,-6.768209565785607083e+03,-7.806210115245794441e+03,-8.875363713960960013e+03,-9.941427645361585746e+03,-1.096252660948921948e+04,-1.189001935756205421e+04,-1.267004687266680776e+04,-1.324577966896439830e+04,-1.356031954470404526e+04,-1.356014075281613987e+04,-1.319888355086299453e+04,-1.244124744521932735e+04,-1.126668081096197056e+04,-9.672536222360304237e+03,-7.676363471470096556e+03,-5.317048866462095248e+03,-2.654580321730475589e+03,2.316808637057824853e+02,3.246216809818013189e+03,6.281919016106416166e+03,9.225732479415783018e+03,1.196499327006263957e+04,1.439399269941703278e+04,1.642026128330524807e+04,1.797007422357491305e+04,1.899273779888104036e+04,1.946331779452773480e+04,1.938360655356744610e+04,1.878128000835466446e+04,1.770735353787976055e+04,1.623218895651277307e+04,1.444041961988932962e+04,1.242523554893890650e+04,1.028249963716154161e+04,8.105148942983221787e+03,5.978276566643676233e+03,3.975198795818080725e+03,2.154701107225883334e+03,5.595384683984425465e+02,-7.838470737941539710e+02,-1.864524553100133744e+03,-2.685392910545643645e+03,-3.260869046371892182e+03,-3.614208573754975987e+03,-3.774711651321059890e+03,-3.775034264584551238e+03,-3.648778961462209736e+03,-3.428485319155714024e+03,-3.144085886291890347e+03
-5.438267958386591999e+03,-6.399495667598530417e+03,-7.432217260657665065e+03,-8.515398329542666033e+03,-9.620596088694852369e+03,-1.071193828587082317e+04,-1.174662424826480128e+04,-1.267602399909327141e+04,-1.344741252613212237e+04,-1.400632523471139029e+04,-1.429946064776653475e+04,-1.427799258632266537e+04,-1.390109289620643904e+04,-1.313941465613161199e+04,-1.197825209799300865e+04,-1.042008360921852000e+04,-8.486222609657555950e+03,-6.217349395599984746e+03,-3.672773386366477553e+03,-9.283741635027818120e+02,1.926717445750433853e+03,4.794521381273651059e+03,7.573410625329503091e+03,1.016374665490665939e+04,1.247352868222541292e+04,1.442362388934133924e+04,1.595217400404564978e+04,1.701784112052951241e+04,1.760165589154006011e+04,1.770735353787976055e+04,1.736021445898911770e+04,1.660455265332822091e+04,1.550010362829013502e+04,1.411764343295089384e+04,1.253421500340854982e+04,1.082834464205607946e+04,9.075602043550043163e+03,7.344797607018253984e+03,5.695029510171982110e+03,4.173700449445430422e+03,2.815530580560351609e+03,1.642508486200097195e+03,6.646533580443210667e+02,-1.185862644832420756e+02,-7.164970684480063028e+02,-1.145032168548232676e+03,-1.424696995911474005e+03,-1.578548561628902917e+03,-1.630428596443320430e+03,-1.603509374462692904e+03
