4.298780553705653801e+03 5.000557352236939550e+03 5.735314850569138798e+03 6.481636410598312068e+03 7.212237156635461361e+03 7.894273958587644302e+03 8.490149033592844717e+03 8.958854537125014758e+03 9.257863241801785989e+03 9.345517825510944022e+03 9.183812492715500412e+03 8.741401457251413376e+03 7.996616317034575331e+03 6.940236149271722752e+03 5.577737348374163048e+03 3.930760306695930922e+03 2.037569825102215191e+03 -4.764501346017857486e+01 -2.256692386317514774e+03 -4.510471876521900413e+03 -6.723077637075453822e+03 -8.806640080351200595e+03 -1.067654956150207181e+04 -1.225665163627116272e+04 -1.348398961200896156e+04 -1.431269949238633853e+04 -1.471673296674200901e+04 -1.469118857546672734e+04 -1.425215807595233309e+04 -1.343513006170868903e+04 -1.229212092944234428e+04 -1.088781039749001866e+04 -9.295033982162643952e+03 -7.590021459686848175e+03 -5.847766654028288031e+03 -4.137873044058349478e+03 -2.521148954763256370e+03 -1.047135632791137368e+03 2.473472211019631004e+02 1.338649655706769636e+03 2.215827797288573947e+03 2.879426316709278126e+03 3.339705240714142747e+03 3.614525362641139509e+03 3.727100496163020580e+03 3.703800914546859531e+03 3.572155950524182572e+03 3.359160713956769996e+03 3.089947671808443829e+03 2.786842958631296824e+03
5.000557352236939550e+03 5.828374643391407517e+03 6.699365672622177954e+03 7.589578257022456455e+03 8.468210586767001587e+03 9.297900065604719202e+03 1.003557318696153197e+04 1.063391561303126946e+04 1.104347446659425259e+04 1.121534553433085966e+04 1.110433109280951976e+04 1.067238589932361901e+04 9.892107547582389088e+03 8.749981542979050573e+03 7.249069310560476879e+03 5.410835391955462910e+03 3.275851857819274301e+03 9.031931116001048849e+02 -1.631561942613383962e+03 -4.239679950922383796e+03 -6.823804359283694794e+03 -9.283373665664181317e+03 -1.152053156228924308e+04 -1.344606824862476424e+04 -1.498491124770711576e+04 -1.608071194563784047e+04 -1.669914902130931659e+04 -1.682968428485357435e+04 -1.648564759473368031e+04 -1.570267958410609208e+04 -1.453570685514125034e+04 -1.305474817675566737e+04 -1.133993931208495815e+04 -9.476210394466785147e+03 -7.548050777092019416e+03 -5.634755023962579799e+03 -3.806467940764219293e+03 -2.121247374982494875e+03 -6.232537044253884915e+02 6.579328770986692234e+02 1.706961016642125742e+03 2.521490294584437379e+03 3.110322227723949254e+03 3.491116734389477642e+03 3.687926800964283302e+03 3.728759818056064887e+03 3.643335236954450011e+03 3.461161271972623126e+03 3.210004457099440515e+03 2.914780100211321042e+03
5.735314850569138798e+03 6.699365672622177954e+03 7.719127195815410232e+03 8.768392158594626380e+03 9.813075642210773367e+03 1.081145327227467533e+04 1.171502484067565820e+04 1.247007632225039015e+04 1.301996189342914658e+04 1.330806207159635414e+04 1.328129925292701955e+04 1.289401480197750789e+04 1.211194128083342002e+04 1.091594909817278494e+04 9.305218131047249699e+03 7.299489265053844065e+03 4.940092700978518224e+03 2.289529424072696202e+03 -5.705052995116510601e+02 -3.542631678084295345e+03 -6.518657980779672471e+03 -9.385506060704588890e+03 -1.203176325713919323e+04 -1.435435510920632987e+04 -1.626480290905255970e+04 -1.769455368498538883e+04 -1.859894655444648379e+04 -1.895950078046804992e+04 -1.878436393354872052e+04 -1.810692606869304291e+04 -1.698276899129800586e+04 -1.548526068252010373e+04 -1.370020923279913950e+04 -1.172004867669193482e+04 -9.638037431518921949e+03 -7.542911208301387887e+03 -5.514354200756097271e+03 -3.619546861294261817e+03 -1.910929470941647651e+03 -4.252019269989190775e+02 8.165260131748950698e+02 1.807604062051158053e+03 2.553957077864974053e+03 3.071701338224675965e+03 3.384515641813177808e+03 3.520998443997182221e+03 3.512202444025851037e+03 3.389488430965649968e+03 3.182787464817210548e+03 2.919310350974997164e+03
6.481636410598312068e+03 7.589578257022456455e+03 8.768392158594626380e+03 9.990107026810010211e+03 1.121783138059058911e+04 1.240590287078039546e+04 1.350072028194526683e+04 1.444234687256642064e+04 1.516691947944724234e+04 1.560982722420774371e+04 1.570954182445031256e+04 1.541189590732531724e+04 1.467452587410831075e+04 1.347113238717173590e+04 1.179517483572649871e+04 9.662614823118688946e+03 7.113363177786757660e+03 4.211166072216999964e+03 1.041784125051940009e+03 -2.290535855270142747e+03 -5.668137805648040739e+03 -8.966268343763158555e+03 -1.206017718747836625e+04 -1.483246544661651023e+04 -1.718009847716123113e+04 -1.902051548814275884e+04 -2.029634159064969936e+04 -2.097833211411237426e+04 -2.106634014031527477e+04 -2.058827818515589388e+04 -1.959722360576592837e+04 -1.816697508627480784e+04 -1.638648810299497927e+04 -1.435368941268410344e+04 -1.216918952440583598e+04 -9.930379561882011330e+03 -7.726322528216948740e+03 -5.633740796782063626e+03 -3.714276211427862563e+03 -2.013071446700087108e+03 -5.586047339132369416e+02 6.363847760258847757e+02 1.573110196268405161e+03 2.264353334644129518e+03 2.731754899372243926e+03 3.003029441412803862e+03 3.109317357093135797e+03 3.082835814829518313e+03 2.954935347884126713e+03 2.754615330882567378e+03
7.212237156635461361e+03 8.468210586767001587e+03 9.813075642210773367e+03 1.121783138059058911e+04 1.264353997148563940e+04 1.404134050418204242e+04 1.535318991359299616e+04 1.651343783899199479e+04 1.745128640481278126e+04 1.809411191337021228e+04 1.837153809132249808e+04 1.822005747950622026e+04 1.758790877053711301e+04 1.643984471900093195e+04 1.476137902055749873e+04 1.256209101808026753e+04 9.877600736724587478e+03 6.769905417258775742e+03 3.325888704454363506e+03 -3.460344644591338010e+02 -4.121004897845255982e+03 -7.864236968715882540e+03 -1.143851721034286311e+04 -1.471212290038871652e+04 -1.756654155229009848e+04 -1.990337495408887116e+04 -2.164987639093940743e+04 -2.276269059535658380e+04 -2.322952954350936488e+04 -2.306870506682190535e+04 -2.232663031170601607e+04 -2.107357543229859948e+04 -1.939810047903317900e+04 -1.740067726695730016e+04 -1.518704557110709720e+04 -1.286182770354267268e+04 -1.052285612200677133e+04 -8.256562907715033361e+03 -6.134652462065219879e+03 -4.212145224312210303e+03 -2.526755075553725874e+03 -1.099458064545627622e+03 6.396696472880483952e+01 9.706907117667062721e+02 1.638157828927176524e+03 2.091249264693598889e+03 2.359513754303679889e+03 2.474650893514458403e+03 2.468372747928983699e+03 2.370715443366213549e+03
7.894273958587644302e+03 9.297900065604719202e+03 1.081145327227467533e+04 1.240590287078039546e+04 1.404134050418204242e+04 1.566680227395020484e+04 1.722084445773631887e+04 1.863299955640868575e+04 1.982618443954518443e+04 2.072005731462760014e+04 2.123522957074416627e+04 2.129813972717279103e+04 2.084629983538072338e+04 1.983354151252696101e+04 1.823483143449566705e+04 1.605020538011689496e+04 1.330739354110949716e+04 1.006278095254661457e+04 6.400463061645755261e+03 2.429309140081305031e+03 -1.721878534728769864e+03 -5.910842148960778104e+03 -9.989550880271601272e+03 -1.381252799071533445e+04 -1.724518437942516175e+04 -2.017150471662647396e+04 -2.250048164049273328e+04 -2.417080340856638213e+04 -2.515345889592546882e+04 -2.545211314668828345e+04 -2.510130560431064805e+04 -2.416270985903786641e+04 -2.271984868792410998e+04 -2.087176641577487680e+04 -1.872621360385668959e+04 -1.639289519163447767e+04 -1.397727757392346939e+04 -1.157535327170108576e+04 -9.269638076932784315e+03 -7.126540557859580986e+03 -5.195112748023362656e+03 -3.507076496004371165e+03 -2.077931518973222865e+03 -9.088936953439342687e+02 1.061358215448626652e+01 7.001888086362008607e+02 1.185649278568070713e+03 1.496398444163920885e+03 1.663113503790541927e+03 1.715847461614870099e+03
8.490149033592844717e+03 1.003557318696153197e+04 1.171502484067565820e+04 1.350072028194526683e+04 1.535318991359299616e+04 1.722084445773631887e+04 1.904029697893749108e+04 2.073758906250374275e+04 2.223041828452487971e+04 2.343139110534969586e+04 2.425223426123773970e+04 2.460879552993097968e+04 2.442656116987181304e+04 2.364632419684341585e+04 2.222956756052780474e+04 2.016309096223446613e+04 1.746241863533083961e+04 1.417358273264535092e+04 1.037298233973858623e+04 6.165164751254340445e+03 1.678550840556341655e+03 -2.940687255803297830e+03 -7.536210455928510783e+03 -1.195002520303696474e+04 -1.603128924629592075e+04 -1.964473495675552113e+04 -2.267805952341097873e+04 -2.504772068507954100e+04 -2.670272057311431854e+04 -2.762614270294514063e+04 -2.783440775600984489e+04 -2.737441051755692388e+04 -2.631887241622145666e+04 -2.476037463207705878e+04 -2.280461456871313567e+04 -2.056344930430229579e+04 -1.814825597841140552e+04 -1.566405942566349404e+04 -1.320476457569972263e+04 -1.084970037079798931e+04 -8.661548599229452520e+03 -6.685608834570886756e+03 -4.950250255896095041e+03 -3.468329236966861572e+03 -2.239310853621295792e+03 -1.251821719588120686e+03 -4.863766722279647183e+02 8.194335309760054997e+01 4.810374664901321466e+02 7.396771107728707193e+02
8.958854537125014758e+03 1.063391561303126946e+04 1.247007632225039015e+04 1.444234687256642064e+04 1.651343783899199479e+04 1.863299955640868575e+04 2.073758906250374275e+04 2.275153587924021122e+04 2.458883394025082816e+04 2.615611980112019228e+04 2.735670954249988426e+04 2.809556432821712224e+04 2.828494632415879823e+04 2.785042398735429742e+04 2.673680130962434123e+04 2.491349197900330910e+04 2.237884720379101418e+04 1.916298205037585285e+04 1.532873137247799423e+04 1.097049854429911102e+04 6.210927933181246772e+03 1.195519715308106242e+03 -3.914506080737052798e+03 -8.950621238692099723e+03 -1.374607302405739756e+04 -1.814496258342341753e+04 -2.201063172864638909e+04 -2.523272913435072769e+04 -2.773244488239833299e+04 -2.946556769138546952e+04 -3.042321364619266387e+04 -3.063027742094920541e+04 -3.014184534707469720e+04 -2.903796525883130016e+04 -2.741727669693304779e+04 -2.539005887480462843e+04 -2.307125170646586776e+04 -2.057395241776865078e+04 -1.800379720931720658e+04 -1.545451786313738739e+04 -1.300483217236103155e+04 -1.071669908456468329e+04 -8.634856690579541464e+03 -6.787472492204384253e+03 -5.187675669479061980e+03 -3.835711402296595679e+03 -2.721455395615257657e+03 -1.827047819739178067e+03 -1.129443606588896728e+03 -6.027236261158885782e+02
9.257863241801785989e+03 1.104347446659425259e+04 1.301996189342914658e+04 1.516691947944724234e+04 1.745128640481278126e+04 1.982618443954518443e+04 2.223041828452487971e+04 2.458883394025082816e+04 2.681369738941917603e+04 2.880719899263381012e+04 3.046510903855650758e+04 3.168151104645923260e+04 3.235442912453448662e+04 3.239205427115912244e+04 3.171917433791191070e+04 3.028333654056485466e+04 2.806023205513267749e+04 2.505779878795334662e+04 2.131859589365270222e+04 1.692011143959865876e+04 1.197281598866669628e+04 6.615957066107571336e+03 1.011284971169282926e+03 -4.664911192054018102e+03 -1.023091782081763631e+04 -1.550920774728035576e+04 -2.033583978817515890e+04 -2.456895151377385628e+04 -2.809572858804469433e+04 -3.083737043526283378e+04 -3.275175096593090711e+04 -3.383367495779205638e+04 -3.411283371861746127e+04 -3.364974688512725697e+04 -3.253012297011638657e+04 -3.085816717822067949e+04 -2.874940513448374622e+04 -2.632357624084910276e+04 -2.369808712474283675e+04 -2.098241541516012512e+04 -1.827373099365620146e+04 -1.565387082532169734e+04 -1.318767832315793203e+04 -1.092261025233149485e+04 -8.889431273925501955e+03 -7.103762344222276624e+03 -5.568224618203759746e+03 -4.274922446159367610e+03 -3.208032454490627060e+03 -2.346304262030079371e+03
9.345517825510944022e+03 1.121534553433085966e+04 1.330806207159635414e+04 1.560982722420774371e+04 1.809411191337021228e+04 2.072005731462760014e+04 2.343139110534969586e+04 2.615611980112019228e+04 2.880719899263381012e+04 3.128434167575483298e+04 3.347705774005450803e+04 3.526892694698213018e+04 3.654299864336132305e+04 3.718809263560664112e+04 3.710565858181135263e+04 3.621674928715359420e+04 3.446859014022344491e+04 3.184019492879122117e+04 2.834649648124051600e+04 2.404053312442583047e+04 1.901335686445060855e+04 1.339149799441643336e+04 7.332018962894967444e+03 1.015398563155081320e+03 -5.363315940223364123e+03 -1.160448787528965840e+04 -1.751428928542672656e+04 -2.291475995157080615e+04 -2.765279429016720678e+04 -3.160741714747659717e+04 -3.469486226352817175e+04 -3.687116181806662644e+04 -3.813217076409231231e+04 -3.851116271755704656e+04 -3.807432335603913816e+04 -3.691461476911963837e+04 -3.514457796268491074e+04 -3.288867555109029490e+04 -3.027575430014228914e+04 -2.743213543392177962e+04 -2.447573187772758683e+04 -2.151146087053361043e+04 -1.862808317182364408e+04 -1.589647059270858699e+04 -1.336919317550727646e+04 -1.108123369391530650e+04 -9.051583894343362772e+03 -7.285453915948865870e+03 -5.776830363783812572e+03 -4.511144126925925775e+03
9.183812492715500412e+03 1.110433109280951976e+04 1.328129925292701955e+04 1.570954182445031256e+04 1.837153809132249808e+04 2.123522957074416627e+04 2.425223426123773970e+04 2.735670954249988426e+04 3.046510903855650758e+04 3.347705774005450803e+04 3.627752089792657353e+04 3.874036459858923627e+04 4.073330183762575325e+04 4.212409349238044524e+04 4.278773885164051899e+04 4.261425853144275607e+04 4.151655897786741843e+04 3.943778794618375105e+04 3.635755822560521483e+04 3.229644244126713602e+04 2.731822923191431983e+04 2.152957763477130720e+04 1.507690179213907140e+04 8.140544957099410567e+03 9.265378658212916889e+02 -6.343543119819329149e+03 -1.344392261669141772e+04 -2.015636307731502166e+04 -2.628143373658842029e+04 -3.164849089155966794e+04 -3.612366355634726642e+04 -3.961531806916410278e+04 -4.207669953792946762e+04 -4.350569248049202724e+04 -4.394188159625612752e+04 -4.346130211339314701e+04 -4.216942816276362282e+04 -4.019304455796211550e+04 -3.767167752031398413e+04 -3.474922639259414427e+04 -3.156635105481532810e+04 -2.825404324826313677e+04 -2.492866153833818680e+04 -2.168855661335021432e+04 -1.861227156443399508e+04 -1.575818283714852805e+04 -1.316535948752220793e+04 -1.085536448389763245e+04 -8.834701196383277420e+03 -7.097616721128140853e+03
8.741401457251413376e+03 1.067238589932361901e+04 1.289401480197750789e+04 1.541189590732531724e+04 1.822005747950622026e+04 2.129813972717279103e+04 2.460879552993097968e+04 2.809556432821712224e+04 3.168151104645923260e+04 3.526892694698213018e+04 3.874036459858923627e+04 4.196122001854743576e+04 4.478398014524787141e+04 4.705412607572941488e+04 4.861752981579108746e+04 4.932901735784522316e+04 4.906161049328891386e+04 4.771582311533269967e+04 4.522829431067050609e+04 4.157900723585036758e+04 3.679638139437857899e+04 3.095964072201889940e+04 2.419804608177864429e+04 1.668682425321193296e+04 8.639903837802346970e+03 2.998532763806060757e+02 -8.074323619141516247e+03 -1.622067318582574444e+04 -2.388806941238012223e+04 -3.084926058510992152e+04 -3.691222684160766948e+04 -4.192904623898041609e+04 -4.580169619935590890e+04 -4.848449379319624859e+04 -4.998317148130384157e+04 -5.035086324933910510e+04 -4.968151148123016173e+04 -4.810137604888944770e+04 -4.575942143216040859e+04 -4.281737241815756715e+04 -3.944017043212305725e+04 -3.578744467062365584e+04 -3.200645376759462306e+04 -2.822677566475264393e+04 -2.455684595943366003e+04 -2.108228556891388871e+04 -1.786582981262362227e+04 -1.494858036414534217e+04 -1.235225104800810004e+04 -1.008206562287079214e+04
7.996616317034575331e+03 9.892107547582389088e+03 1.211194128083342002e+04 1.467452587410831075e+04 1.758790877053711301e+04 2.084629983538072338e+04 2.442656116987181304e+04 2.828494632415879823e+04 3.235442912453448662e+04 3.654299864336132305e+04 4.073330183762575325e+04 4.478398014524787141e+04 4.853296506582921575e+04 5.180286945232575090e+04 5.440844095849484438e+04 5.616584356422439305e+04 5.690332044588780263e+04 5.647258976190176327e+04 5.476015982551230991e+04 5.169764657897677534e+04 4.727015485039084160e+04 4.152185827964678174e+04 3.455808311732529546e+04 2.654345829267193767e+04 1.769601627500117320e+04 8.277484493265017591e+03 -1.419642625801796385e+03 -1.108735506679741593e+04 -2.041858032031287439e+04 -2.912359747301786410e+04 -3.694517387814345420e+04 -4.367130920295758551e+04 -4.914470102019679325e+04 -5.326835447734079207e+04 -5.600711022941322153e+04 -5.738522041079984047e+04 -5.748042417786711303e+04 -5.641523079223827517e+04 -5.434628767816312757e+04 -5.145278348130064842e+04 -4.792481391856756818e+04 -4.395253366123975866e+04 -3.971675094617249852e+04 -3.538141774776065722e+04 -3.108825266914177337e+04 -2.695352936795896312e+04 -2.306688869414033979e+04 -1.949189997102913185e+04 -1.626801160079028705e+04 -1.341349295170445475e+04
6.940236149271722752e+03 8.749981542979050573e+03 1.091594909817278494e+04 1.347113238717173590e+04 1.643984471900093195e+04 1.983354151252696101e+04 2.364632419684341585e+04 2.785042398735429742e+04 3.239205427115912244e+04 3.718809263560664112e+04 4.212409349238044524e+04 4.705412607572941488e+04 5.180286945232575090e+04 5.617027039699857414e+04 5.993888317916267988e+04 6.288377275714312418e+04 6.478459382528065180e+04 6.543918466937396443e+04 6.467776919166792504e+04 6.237667651758996362e+04 5.847039578717466793e+04 5.296080646913773671e+04 4.592257192819040938e+04 3.750395105927617988e+04 2.792264876750471012e+04 1.745675585538662563e+04 6.431277023813214328e+03 -4.798837975350837041e+03 -1.586790870984524736e+04 -2.641951604609232891e+04 -3.612573246493499755e+04 -4.470413317541951255e+04 -5.193135449392259761e+04 -5.765230444105302740e+04 -6.178454279476889496e+04 -6.431778614732962160e+04 -6.530890949946906767e+04 -6.487316692162041727e+04 -6.317260788103753293e+04 -6.040280494533039746e+04 -5.677902960454968706e+04 -5.252292656666291441e+04 -4.785056465990182187e+04 -4.296251294494422473e+04 -3.803633487014435377e+04 -3.322164078450499073e+04 -2.863761445705728693e+04 -2.437274999430499520e+04 -2.048641132171538629e+04 -1.701175917034049053e+04
5.577737348374163048e+03 7.249069310560476879e+03 9.305218131047249699e+03 1.179517483572649871e+04 1.476137902055749873e+04 1.823483143449566705e+04 2.222956756052780474e+04 2.673680130962434123e+04 3.171917433791191070e+04 3.710565858181135263e+04 4.278773885164051899e+04 4.861752981579108746e+04 5.440844095849484438e+04 5.993888317916267988e+04 6.495930922246808768e+04 6.920260544937915984e+04 7.239752465356164612e+04 7.428449971303720667e+04 7.463284513784485171e+04 7.325808115828121663e+04 7.003794411774820765e+04 6.492561066273944743e+04 5.795878072488573525e+04 4.926353657533644582e+04 3.905230328862874012e+04 2.761574179713910416e+04 1.530895640970255045e+04 2.532932847055853472e+03 -1.028742115689087223e+04 -2.272693634414232292e+04 -3.438369248934161442e+04 -4.490056000049121940e+04 -5.398316622480144724e+04 -6.141304561156469572e+04 -6.705520570499885071e+04 -7.085986467752094904e+04 -7.285863132084019890e+04 -7.315585049094300484e+04 -7.191618287588364910e+04 -6.934970061386616726e+04 -6.569585072551757912e+04 -6.120757481071919028e+04 -5.613669856411385990e+04 -5.072145069511359907e+04 -4.517667458889765840e+04 -3.968699366257275688e+04 -3.440291408481517283e+04 -2.943961969242728446e+04 -2.487804759222175562e+04 -2.076773381624300964e+04
3.930760306695930922e+03 5.410835391955462910e+03 7.299489265053844065e+03 9.662614823118688946e+03 1.256209101808026753e+04 1.605020538011689496e+04 2.016309096223446613e+04 2.491349197900330910e+04 3.028333654056485466e+04 3.621674928715359420e+04 4.261425853144275607e+04 4.932901735784522316e+04 5.616584356422439305e+04 6.288377275714312418e+04 6.920260544937915984e+04 7.481361865480779670e+04 7.939422579176232102e+04 8.262594046119583072e+04 8.421457612051232718e+04 8.391124756386954687e+04 8.153248384810920106e+04 7.697766024472491699e+04 7.024203790938404563e+04 6.142397198218149424e+04 5.072529521748458501e+04 3.844446457261777687e+04 2.496271226879074675e+04 1.072409806507450048e+04 -3.789059601089164971e+03 -1.808345733126343839e+04 -3.168262378203978369e+04 -4.415309355408350530e+04 -5.512694667659699917e+04 -6.431911022469597083e+04 -7.153834921768851927e+04 -7.669148244942660676e+04 -7.978097464381554164e+04 -8.089661245518072974e+04 -8.020241364628652809e+04 -7.792020972836532746e+04 -7.431146698201858089e+04 -6.965887448382339790e+04 -6.424905371444087359e+04 -5.835746838710406155e+04 -5.223627774493803008e+04 -4.610552459559464478e+04 -4.014771880385436816e+04 -3.450559723107378522e+04 -2.928263090935600485e+04 -2.454571731981504126e+04
2.037569825102215191e+03 3.275851857819274301e+03 4.940092700978518224e+03 7.113363177786757660e+03 9.877600736724587478e+03 1.330739354110949716e+04 1.746241863533083961e+04 2.237884720379101418e+04 2.806023205513267749e+04 3.446859014022344491e+04 4.151655897786741843e+04 4.906161049328891386e+04 5.690332044588780263e+04 6.478459382528065180e+04 7.239752465356164612e+04 7.939422579176232102e+04 8.540252124576427741e+04 9.004588823531087837e+04 9.296652185005208594e+04 9.384993364300900430e+04 9.244915059306303738e+04 8.860640837995809852e+04 8.227027199573873077e+04 7.350638238033879315e+04 6.250050657072304602e+04 4.955321859043327277e+04 3.506629211939209199e+04 1.952166044860009788e+04 3.454505320844700691e+03 -1.257740846135055472e+04 -2.802569575339537550e+04 -4.238206699246725475e+04 -5.520542460500853485e+04 -6.614337104024086148e+04 -7.494674228857483831e+04 -8.147646946966560790e+04 -8.570278433468348521e+04 -8.769744339644996217e+04 -8.762018354004829598e+04 -8.570099308202471002e+04 -8.221996408763036015e+04 -7.748648639528898639e+04 -7.181937455992151808e+04 -6.552922481346212589e+04 -5.890392788585968810e+04 -5.219786447597276856e+04 -4.562492800345334399e+04 -3.935518941566231661e+04 -3.351476474402334134e+04 -2.818827872294037661e+04
-4.764501346017857486e+01 9.031931116001048849e+02 2.289529424072696202e+03 4.211166072216999964e+03 6.769905417258775742e+03 1.006278095254661457e+04 1.417358273264535092e+04 1.916298205037585285e+04 2.505779878795334662e+04 3.184019492879122117e+04 3.943778794618375105e+04 4.771582311533269967e+04 5.647258976190176327e+04 6.543918466937396443e+04 7.428449971303720667e+04 8.262594046119583072e+04 9.004588823531087837e+04 9.611334086629832746e+04 1.004095660641995928e+05 1.025560469273905619e+05 1.022425659270885662e+05 9.925302879080869025e+04 9.348662236399094400e+04 8.497215331578013138e+04 7.387391769815422595e+04 6.048816169260011520e+04 4.523003881209722749e+04 2.861185511099876385e+04 1.121421988038545533e+04 -6.347611407448902355e+03 -2.345948000169611623e+04 -3.954327781066160242e+04 -5.408837928341352381e+04 -6.667723026508628391e+04 -7.700339891960467503e+04 -8.488115402029425604e+04 -9.024643888798104308e+04 -9.314986476987518836e+04 -9.374297802428019349e+04 -9.225950527511736436e+04 -8.899352059319510590e+04 -8.427650716326577822e+04 -7.845512575725727947e+04 -7.187119516861953889e+04 -6.484498797349969391e+04 -5.766250383130894625e+04 -5.056695295091938169e+04 -4.375430547757812019e+04 -3.737246652176859789e+04 -3.152343547730391219e+04
-2.256692386317514774e+03 -1.631561942613383962e+03 -5.705052995116510601e+02 1.041784125051940009e+03 3.325888704454363506e+03 6.400463061645755261e+03 1.037298233973858623e+04 1.532873137247799423e+04 2.131859589365270222e+04 2.834649648124051600e+04 3.635755822560521483e+04 4.522829431067050609e+04 5.476015982551230991e+04 6.467776919166792504e+04 7.463284513784485171e+04 8.421457612051232718e+04 9.296652185005208594e+04 1.004095660641995928e+05 1.060697358673663402e+05 1.095090665536246379e+05 1.103571737635085301e+05 1.083408785277490097e+05 1.033091741721371945e+05 9.525105727301120351e+04 8.430426222773785412e+04 7.075369734083584626e+04 5.501930266514296818e+04 3.763403462834050879e+04 1.921361686434783041e+04 4.204718887910444209e+02 -1.807522532038436111e+04 -3.563421134112257278e+04 -5.168346213932910177e+04 -6.574554217392634018e+04 -7.745998986250918824e+04 -8.659557316498139699e+04 -9.305312897577539843e+04 -9.685954102017944388e+04 -9.815412547836427984e+04 -9.716921690211484383e+04 -9.420704333463197690e+04 -8.961504342587775318e+04 -8.376163175183006388e+04 -7.701410470556121436e+04 -6.971995438175510208e+04 -6.219238210253755096e+04 -5.470033302887626633e+04 -4.746295499071972154e+04 -4.064805068449053215e+04 -3.437385995065233874e+04
-4.510471876521900413e+03 -4.239679950922383796e+03 -3.542631678084295345e+03 -2.290535855270142747e+03 -3.460344644591338010e+02 2.429309140081305031e+03 6.165164751254340445e+03 1.097049854429911102e+04 1.692011143959865876e+04 2.404053312442583047e+04 3.229644244126713602e+04 4.157900723585036758e+04 5.169764657897677534e+04 6.237667651758996362e+04 7.325808115828121663e+04 8.391124756386954687e+04 9.384993364300900430e+04 1.025560469273905619e+05 1.095090665536246379e+05 1.142192258089533570e+05 1.162619802253922098e+05 1.153109028184323979e+05 1.111660412934344058e+05 1.037749791011482885e+05 9.324436195767880417e+04 7.984044168914815236e+04 6.397817034420385608e+04 4.619944167670619208e+04 2.714210255589452936e+04 7.502224400995021824e+03 -1.200726579867013606e+04 -3.069821130813646596e+04 -4.794579199410353613e+04 -6.322111506090323383e+04 -7.611558868352501304e+04 -8.635569708592988900e+04 -9.380773489515352412e+04 -9.847296893494226970e+04 -1.004744810150161793e+05 -1.000375332552756008e+05 -9.746564609007221588e+04 -9.311467888880088867e+04 -8.736707453842615359e+04 -8.060811627510636754e+04 -7.320560622658664943e+04 -6.549387460656231269e+04 -5.776252705294678162e+04 -5.024988586147954629e+04 -4.314071502270606288e+04 -3.656755910111067351e+04
-6.723077637075453822e+03 -6.823804359283694794e+03 -6.518657980779672471e+03 -5.668137805648040739e+03 -4.121004897845255982e+03 -1.721878534728769864e+03 1.678550840556341655e+03 6.210927933181246772e+03 1.197281598866669628e+04 1.901335686445060855e+04 2.731822923191431983e+04 3.679638139437857899e+04 4.727015485039084160e+04 5.847039578717466793e+04 7.003794411774820765e+04 8.153248384810920106e+04 9.244915059306303738e+04 1.022425659270885662e+05 1.103571737635085301e+05 1.162619802253922098e+05 1.194871434288277669e+05 1.196594166905110760e+05 1.165332927608127357e+05 1.100148714106763509e+05 1.001759815732117131e+05 8.725689225243497640e+04 7.165696313817534246e+04 5.391370489993144292e+04 3.467181259509954543e+04 1.464467656804418948e+04 -5.428444854119969023e+03 -2.482606281932990532e+04 -4.288540199083997868e+04 -5.903752589204482501e+04 -7.283419308665627614e+04 -8.396487446001329226e+04 -9.226333851615022286e+04 -9.770417047819543222e+04 -1.003904297992376378e+05 -1.005342907943318132e+05 -9.843290519160829717e+04 -9.444186012800812023e+04 -8.894849873437047063e+04 -8.234706644980444980e+04 -7.501720439005430671e+04 -6.730679781621911388e+04 -5.951966674337437144e+04 -5.190811081533238757e+04 -4.466993092281748250e+04 -3.794926820342215797e+04
-8.806640080351200595e+03 -9.283373665664181317e+03 -9.385506060704588890e+03 -8.966268343763158555e+03 -7.864236968715882540e+03 -5.910842148960778104e+03 -2.940687255803297830e+03 1.195519715308106242e+03 6.615957066107571336e+03 1.339149799441643336e+04 2.152957763477130720e+04 3.095964072201889940e+04 4.152185827964678174e+04 5.296080646913773671e+04 6.492561066273944743e+04 7.697766024472491699e+04 8.860640837995809852e+04 9.925302879080869025e+04 1.083408785277490097e+05 1.153109028184323979e+05 1.196594166905110760e+05 1.209752062921946635e+05 1.189726909052574483e+05 1.135180235805667471e+05 1.046454923100332089e+05 9.256237797660048818e+04 7.764145099862711504e+04 6.040143350663000456e+04 4.147688742364000063e+04 2.157997954540097271e+04 1.457308557355164567e+03 -1.815462524683636002e+04 -3.657170654354155704e+04 -5.319899222812602966e+04 -6.755940020382488729e+04 -7.931257852905528853e+04 -8.826322219083437813e+04 -9.435908749316532339e+04 -9.767982509330155153e+04 -9.841842918699925940e+04 -9.685753071923453535e+04 -9.334292975092554116e+04 -8.825668172068550484e+04 -8.199176612886090879e+04 -7.492993344269761292e+04 -6.742381364250872866e+04 -5.978384284948802087e+04 -5.227007853793616232e+04 -4.508857012944162852e+04 -3.839165479003175278e+04
-1.067654956150207181e+04 -1.152053156228924308e+04 -1.203176325713919323e+04 -1.206017718747836625e+04 -1.143851721034286311e+04 -9.989550880271601272e+03 -7.536210455928510783e+03 -3.914506080737052798e+03 1.011284971169282926e+03 7.332018962894967444e+03 1.507690179213907140e+04 2.419804608177864429e+04 3.455808311732529546e+04 4.592257192819040938e+04 5.795878072488573525e+04 7.024203790938404563e+04 8.227027199573873077e+04 9.348662236399094400e+04 1.033091741721371945e+05 1.111660412934344058e+05 1.165332927608127357e+05 1.189726909052574483e+05 1.181659665279418405e+05 1.139424511231468059e+05 1.062973310672053631e+05 9.539855151307694905e+04 8.158140320752804109e+04 6.533096400010210345e+04 4.725370875884770066e+04 2.804061455693963217e+04 8.424855858654402255e+03 -1.086237785976757368e+04 -2.913434423017145673e+04 -4.578619380514442310e+04 -6.032472241465803381e+04 -7.238860281808589934e+04 -8.175824059296268388e+04 -8.835537821019426337e+04 -9.223345041307169595e+04 -9.356038848392612999e+04 -9.259602637569808576e+04 -8.966645766817103140e+04 -8.513764104020330706e+04 -7.939029232789264643e+04 -7.279769032160323695e+04 -6.570752670827745169e+04 -5.842841251938577625e+04 -5.122117001775546669e+04 -4.429463224572300533e+04 -3.780536827735817496e+04
-1.225665163627116272e+04 -1.344606824862476424e+04 -1.435435510920632987e+04 -1.483246544661651023e+04 -1.471212290038871652e+04 -1.381252799071533445e+04 -1.195002520303696474e+04 -8.950621238692099723e+03 -4.664911192054018102e+03 1.015398563155081320e+03 8.140544957099410567e+03 1.668682425321193296e+04 2.654345829267193767e+04 3.750395105927617988e+04 4.926353657533644582e+04 6.142397198218149424e+04 7.350638238033879315e+04 8.497215331578013138e+04 9.525105727301120351e+04 1.037749791011482885e+05 1.100148714106763509e+05 1.135180235805667471e+05 1.139424511231468059e+05 1.110852613414226071e+05 1.049022433534323645e+05 9.551663878283914528e+04 8.321600447842958965e+04 6.843717679273459362e+04 5.174046339973693830e+04 3.377519435865024570e+04 1.523954369130423947e+04 -3.161999998949082510e+03 -2.076002594105681783e+04 -3.695721709852870845e+04 -5.125831217679769907e+04 -6.329113236550150032e+04 -7.281771814863543841e+04 -7.973556766563377460e+04 -8.406982950694131432e+04 -8.595799514298210852e+04 -8.562910373794898624e+04 -8.337969175937527325e+04 -7.954869994979833427e+04 -7.449332560476710205e+04 -6.856743174772420025e+04 -6.210365878336726746e+04 -5.539989062353360350e+04 -4.871026065914676292e+04 -4.224048508502986806e+04 -3.614700838681990717e+04
-1.348398961200896156e+04 -1.498491124770711576e+04 -1.626480290905255970e+04 -1.718009847716123113e+04 -1.756654155229009848e+04 -1.724518437942516175e+04 -1.603128924629592075e+04 -1.374607302405739756e+04 -1.023091782081763631e+04 -5.363315940223364123e+03 9.265378658212916889e+02 8.639903837802346970e+03 1.769601627500117320e+04 2.792264876750471012e+04 3.905230328862874012e+04 5.072529521748458501e+04 6.250050657072304602e+04 7.387391769815422595e+04 8.430426222773785412e+04 9.324436195767880417e+04 1.001759815732117131e+05 1.046454923100332089e+05 1.062973310672053631e+05 1.049022433534323645e+05 1.003776253867259366e+05 9.279791209054853243e+04 8.239383261339263117e+04 6.954037871206317504e+04 5.473438782201111462e+04 3.856361008461340680e+04 2.166989617989323597e+04 4.709625761132841944e+03 -1.168535300782725244e+04 -2.694318891912139952e+04 -4.058130170507590810e+04 -5.222758508369443007e+04 -6.163251170109963277e+04 -6.867199682283472794e+04 -7.334169485683194944e+04 -7.574407200271445618e+04 -7.607006419394188561e+04 -7.457736674607236637e+04 -7.156741501958994195e+04 -6.736293335210201622e+04 -6.228759984301909572e+04 -5.664895401154322462e+04 -5.072522058595191629e+04 -4.475628721645991754e+04 -3.893869695129495813e+04 -3.342422412080959475e+04
-1.431269949238633853e+04 -1.608071194563784047e+04 -1.769455368498538883e+04 -1.902051548814275884e+04 -1.990337495408887116e+04 -2.017150471662647396e+04 -1.964473495675552113e+04 -1.814496258342341753e+04 -1.550920774728035576e+04 -1.160448787528965840e+04 -6.343543119819329149e+03 2.998532763806060757e+02 8.277484493265017591e+03 1.745675585538662563e+04 2.761574179713910416e+04 3.844446457261777687e+04 4.955321859043327277e+04 6.048816169260011520e+04 7.075369734083584626e+04 7.984044168914815236e+04 8.725689225243497640e+04 9.256237797660048818e+04 9.539855151307694905e+04 9.551663878283914528e+04 9.279791209054853243e+04 8.726538753101936891e+04 7.908551437656476628e+04 6.855954104354234005e+04 5.610520550767467648e+04 4.223029692434082972e+04 2.750036698671599879e+04 1.250335347659258696e+04 -2.185933681643061391e+03 -1.603863189059021352e+04 -2.859951563263840217e+04 -3.950773628242904670e+04 -4.850954253031367989e+04 -5.546270596509810275e+04 -6.033312387058731838e+04 -6.318469670898338518e+04 -6.416402782320974802e+04 -6.348174087794793013e+04 -6.139225642336973397e+04 -5.817373578658635233e+04 -5.410962833975483954e+04 -4.947289661353893462e+04 -4.451359419141124818e+04 -3.945008066950183274e+04 -3.446381360370192124e+04 -2.969738457809583633e+04
-1.471673296674200901e+04 -1.669914902130931659e+04 -1.859894655444648379e+04 -2.029634159064969936e+04 -2.164987639093940743e+04 -2.250048164049273328e+04 -2.267805952341097873e+04 -2.201063172864638909e+04 -2.033583978817515890e+04 -1.751428928542672656e+04 -1.344392261669141772e+04 -8.074323619141516247e+03 -1.419642625801796385e+03 6.431277023813214328e+03 1.530895640970255045e+04 2.496271226879074675e+04 3.506629211939209199e+04 4.523003881209722749e+04 5.501930266514296818e+04 6.397817034420385608e+04 7.165696313817534246e+04 7.764145099862711504e+04 8.158140320752804109e+04 8.321600447842958965e+04 8.239383261339263117e+04 7.908551437656476628e+04 7.338781098112239852e+04 6.551866577874300128e+04 5.580358653654947557e+04 4.465453690402307257e+04 3.254318492730466096e+04 1.997082655642723330e+04 7.437521681050787265e+03 -4.587065598097605289e+03 -1.568892385609612029e+04 -2.552934306334243229e+04 -3.385787522700137924e+04 -4.051820600203861250e+04 -4.544719073477758502e+04 -4.866787067410545569e+04 -5.027770562729737139e+04 -5.043351079438468878e+04 -4.933466344721842324e+04 -4.720606549729223480e+04 -4.428214230989629868e+04 -4.079286715648297104e+04 -3.695246807067996997e+04 -3.295114029075634608e+04 -2.894978637207463180e+04 -2.507756100517517916e+04
-1.469118857546672734e+04 -1.682968428485357435e+04 -1.895950078046804992e+04 -2.097833211411237426e+04 -2.276269059535658380e+04 -2.417080340856638213e+04 -2.504772068507954100e+04 -2.523272913435072769e+04 -2.456895151377385628e+04 -2.291475995157080615e+04 -2.015636307731502166e+04 -1.622067318582574444e+04 -1.108735506679741593e+04 -4.798837975350837041e+03 2.532932847055853472e+03 1.072409806507450048e+04 1.952166044860009788e+04 2.861185511099876385e+04 3.763403462834050879e+04 4.619944167670619208e+04 5.391370489993144292e+04 6.040143350663000456e+04 6.533096400010210345e+04 6.843717679273459362e+04 6.954037871206317504e+04 6.855954104354234005e+04 6.551866577874300128e+04 6.054567426235128369e+04 5.386390306329827581e+04 4.577697297902821447e+04 3.664839137887678226e+04 2.687769020550510322e+04 1.687514686099069149e+04 7.037163617641388555e+03 -2.275798988135805303e+03 -1.075719550506183077e+04 -1.816721712900451166e+04 -2.433994603493589238e+04 -2.918486840736507293e+04 -3.268325421188226755e+04 -3.488029019879834232e+04 -3.587410021635630983e+04 -3.580289490109775215e+04 -3.483146953502474935e+04 -3.313813622558348288e+04 -3.090296531734106247e+04 -2.829795550053616535e+04 -2.547948576960478385e+04 -2.258315366714168340e+04 -1.972089427443449677e+04
-1.425215807595233309e+04 -1.648564759473368031e+04 -1.878436393354872052e+04 -2.106634014031527477e+04 -2.322952954350936488e+04 -2.515345889592546882e+04 -2.670272057311431854e+04 -2.773244488239833299e+04 -2.809572858804469433e+04 -2.765279429016720678e+04 -2.628143373658842029e+04 -2.388806941238012223e+04 -2.041858032031287439e+04 -1.586790870984524736e+04 -1.028742115689087223e+04 -3.789059601089164971e+03 3.454505320844700691e+03 1.121421988038545533e+04 1.921361686434783041e+04 2.714210255589452936e+04 3.467181259509954543e+04 4.147688742364000063e+04 4.725370875884770066e+04 5.174046339973693830e+04 5.473438782201111462e+04 5.610520550767467648e+04 5.580358653654947557e+04 5.386390306329827581e+04 5.040107597205341153e+04 4.560184837786089338e+04 3.971131986880954355e+04 3.301597675855498528e+04 2.582471674267016351e+04 1.844946813173691044e+04 1.118694170084374127e+04 4.302844304392215236e+03 -1.980438882311261523e+03 -7.492078272426658259e+03 -1.211674751073071820e+04 -1.579447058015094808e+04 -1.851687963771354043e+04 -2.032063151337913587e+04 -2.127886581953345012e+04 -2.149162141876927126e+04 -2.107607227947258070e+04 -2.015731832075220882e+04 -1.886029593218030641e+04 -1.730318144241223490e+04 -1.559247157470548518e+04 -1.381975599433713069e+04
-1.343513006170868903e+04 -1.570267958410609208e+04 -1.810692606869304291e+04 -2.058827818515589388e+04 -2.306870506682190535e+04 -2.545211314668828345e+04 -2.762614270294514063e+04 -2.946556769138546952e+04 -3.083737043526283378e+04 -3.160741714747659717e+04 -3.164849089155966794e+04 -3.084926058510992152e+04 -2.912359747301786410e+04 -2.641951604609232891e+04 -2.272693634414232292e+04 -1.808345733126343839e+04 -1.257740846135055472e+04 -6.347611407448902355e+03 4.204718887910444209e+02 7.502224400995021824e+03 1.464467656804418948e+04 2.157997954540097271e+04 2.804061455693963217e+04 3.377519435865024570e+04 3.856361008461340680e+04 4.223029692434082972e+04 4.465453690402307257e+04 4.577697297902821447e+04 4.560184837786089338e+04 4.419487105995593447e+04 4.167699232835168368e+04 3.821473850866116845e+04 3.400800850554840872e+04 2.927642175913337269e+04 2.424535777308660181e+04 1.913277134676200512e+04 1.413771141913544852e+04 9.431240825366223362e+03 5.150180382814764926e+03 1.393816493844851266e+03 -1.776552626330023031e+03 -4.335576315492566209e+03 -6.289818769066472669e+03 -7.672326152302527589e+03 -8.536407545093843510e+03 -8.949206943706711172e+03 -8.985561220714300362e+03 -8.722527130000205943e+03 -8.234835435241515370e+03 -7.591406668312713009e+03
-1.229212092944234428e+04 -1.453570685514125034e+04 -1.698276899129800586e+04 -1.959722360576592837e+04 -2.232663031170601607e+04 -2.510130560431064805e+04 -2.783440775600984489e+04 -3.042321364619266387e+04 -3.275175096593090711e+04 -3.469486226352817175e+04 -3.612366355634726642e+04 -3.691222684160766948e+04 -3.694517387814345420e+04 -3.612573246493499755e+04 -3.438369248934161442e+04 -3.168262378203978369e+04 -2.802569575339537550e+04 -2.345948000169611623e+04 -1.807522532038436111e+04 -1.200726579867013606e+04 -5.428444854119969023e+03 1.457308557355164567e+03 8.424855858654402255e+03 1.523954369130423947e+04 2.166989617989323597e+04 2.750036698671599879e+04 3.254318492730466096e+04 3.664839137887678226e+04 3.971131986880954355e+04 4.167699232835168368e+04 4.254117834130345727e+04 4.234815378203469299e+04 4.118547248845054855e+04 3.917630046514427522e+04 3.647003391452796495e+04 3.323201599361043191e+04 2.963317819653253173e+04 2.584036591893411605e+04 2.200797757589814137e+04 1.827137201495769841e+04 1.474230225029929352e+04 1.150643706151169499e+04 8.622855357638101850e+03 6.125256309330108706e+03 4.024530169931577348e+03 2.312283449627439040e+03 9.649051944963759979e+02 -5.220824476635704059e+01 -7.805939926742221360e+02 -1.265077298458940504e+03
