7.378291202581999109e-01 -7.434069588892905540e-03 7.804881667649624100e-02 1.393782779224360113e-01 -7.526525537788984754e-02 3.582076698679596827e-02 -1.435315490447671705e-01 4.230563355171119699e-01 -1.955803465786389583e-01 -2.908224496617763111e-02 2.809887568741412656e-01 -1.147136246530282705e-01 1.188801829078563466e-01 4.757683728310961313e-01 1.062210600078377754e+00 1.214082126931971484e+00 1.092605833270704707e+00 -4.816411368548862426e-01 2.681689944472354092e-01 -4.611427764972411691e-01 -1.022833785312387667e+00 8.245362356733170195e-01 -3.337931577828692764e-01 2.923726173859074962e+00 -7.532218100846620468e-01 8.114528176456197173e-01 -8.093537122742912038e-01 1.503089453285280097e+00 7.417269398493694377e-01 -5.619398332024665155e-02 -1.445485338112715068e+00 1.060888990348112904e+00 -3.158653087479407207e-01 -9.312551769266624868e-01 -2.805051958434690906e+00 -1.134571533236505975e-01 2.491870060002020715e+00 1.308349536555797998e+00 2.489709983464711396e+00 2.170714363354034226e+00 -2.077968888439693185e+00 2.173844294727030224e+00 -1.480609504128627130e+00 -2.884724212006096966e+00 3.883971572447106890e-01 2.969784358078483066e+00 1.159869931801027709e+00 4.405501213963790019e-01 3.996065571233279323e-01 2.347296474487082715e-02 -2.224139810701204478e-01 -1.336977006280841263e+00 -7.670845644225035009e-01 -1.408353253170497421e+00 -5.799260336787685939e-03 -7.377609596291487826e-01 -8.470233446114679987e-01 8.121342380787792692e-01 6.294608538216792670e-01 5.098474320809335270e-01 -2.161431636837766179e-01 2.474690046778610375e-01 -3.557902486998208991e-01 7.995383622899990272e-02 2.828343162029380298e-01 -1.783695209545145821e-01 -1.761676596347577783e-01 -2.560851830684151564e-01 3.786343228015486007e-02 6.492689211385119230e-02
-7.434069588892905540e-03 1.511749308078172538e+00 2.788673209220526514e-02 2.391063955652747708e-01 1.221720899354545864e-01 -4.501215224751539679e-01 -1.448474139262404536e-01 5.384441472887186997e-01 3.463347136893637490e-01 5.344242237932765871e-01 9.785036238287494470e-01 6.908823170687138082e-02 2.357528452419138665e-01 1.136226958160644063e-01 -1.371387543929775826e-02 -8.490824535000069950e-01 3.619806359479181279e-01 3.807707080589139981e-01 1.513109179974779228e-01 -6.779339094431400259e-01 1.641908888592029658e-01 -6.750868592917689259e-01 -6.358730954730063001e-01 -3.149799973731289171e+00 -6.017032505317299051e-01 9.106877606864631769e-01 1.355454839998276650e+00 2.350189361158871559e+00 -1.922775503400742103e+00 -2.420982643110527022e+00 -1.231797913537226119e+00 -1.066802133334044722e+00 -1.009870491877015830e+00 8.042904165430428520e+00 -1.939726845997277738e-01 2.028437723683230054e+00 -9.613162434569068049e-01 2.577779775046268984e+00 4.028269768931014738e+00 4.885885923403393560e-01 1.392871649655183175e+00 -2.863236920627416193e+00 6.557080383069958940e-02 7.995132369416297902e-01 -1.283894215607482403e+00 -4.521144380129776263e-01 -2.818893426531287716e+00 2.943738638052160628e+00 -7.302435182512090339e-01 -6.090627437450557569e-01 1.421594736583182250e+00 7.556649912071329300e-01 -5.585433244459327984e-01 -6.581838092219228775e-01 -5.205553737218293620e-02 -1.836493926525045284e+00 -6.257445520108325665e-01 8.920117373924075777e-01 7.522997021482236146e-01 -1.332188477258689829e+00 -7.854741176075746151e-03 5.042357318917818354e-01 -1.373672101726355899e-01 2.688211310917018038e-01 3.035416276501072264e-01 8.400011953471875348e-02 -5.266078533549908847e-02 -2.344497707401218267e-01 -2.635357344299537052e-01 -9.431754181344709220e-02
7.804881667649624100e-02 2.788673209220526514e-02 1.432766250915375350e+00 2.637516841173739857e-01 -5.960239076407684855e-02 9.115155399737123743e-02 -2.500281265634274885e-01 -3.298869282685495952e-03 3.441687098220727048e-01 -8.327881547549893515e-01 5.623527218932431460e-01 -7.247859004515947445e-01 3.391565850981156371e-01 -5.634896338501301782e-01 2.679619713841918660e-01 -1.917085284288719549e-01 1.635206441555970391e+00 1.313938919780916814e+00 -6.253412643899054491e-01 -6.874220114933440318e-01 3.542696410190144252e-01 -4.752013328292388206e-01 -1.601119590300921880e+00 1.850228229890686249e+00 1.273929394421320804e+00 -3.897797929864265321e+00 -1.117934694458852185e+00 3.120229514763360079e+00 1.385715773436434928e+00 1.382258557896816065e+00 3.844303830769421282e+00 -4.085052955129015118e+00 -2.525548945068738504e+00 1.610342090360167511e+00 7.657451033657219908e-01 5.454187513245966068e-01 -6.403799888959862407e+00 -1.706633962911753510e+00 1.694370501434760090e+00 1.651254743283313120e+00 2.588014276823741522e+00 4.689305416495862522e-01 -1.015051279386405936e+00 -4.660108650481144643e+00 3.473144403512095746e+00 5.492451706254282584e+00 4.075592869791547224e-01 -2.079665096516896572e+00 2.817640204735004872e+00 -6.431940750426078379e-01 -1.326167222188710859e+00 -4.272971934341033839e-01 2.143954091816939300e+00 6.282654805026046674e-01 -3.280444512416250125e-02 -2.251511938978815464e-01 -6.306730055925515721e-01 -1.459618080802847162e+00 2.783271232456774880e-01 -6.276850291204090215e-01 -6.528838541773903659e-01 1.932778831680175835e-01 6.193871414258794728e-01 1.945690548712610268e-01 1.838434264838807175e-01 -3.015603475824352175e-01 1.120122683778664585e-01 -1.417345280718935174e-01 1.305717660396688296e-01 -1.875913156457563111e-02
1.393782779224360113e-01 2.391063955652747708e-01 2.637516841173739857e-01 2.822845556541606626e+00 1.092138794361611764e-01 -3.208781849427648214e-01 -4.424729041444296074e-02 4.394683842225187154e-01 1.739018550144383057e-01 9.496184035107679833e-01 -3.373167140996097269e-01 -2.549820345267151955e-01 1.220542534553270331e+00 1.415309497117491988e+00 4.065971358525153345e-01 3.241889705417746320e-02 -3.638318411953492149e+00 2.888433880895834083e+00 3.590604670848199120e+00 1.411116531344455416e-01 3.881038764265728469e-01 7.638743068033566619e-01 -3.385247747695343090e+00 1.297558557028291037e+00 -6.979829889620723371e-01 4.077802168865068411e-01 -1.281713046859547900e+00 -3.493250505283482799e+00 -2.969625787320641752e+00 2.622243452260942576e+00 5.737117348080551793e-02 6.553011019470075027e+00 -5.099414990029208283e+00 -2.937025415651382532e-01 4.948008447648140629e-01 6.170241689255826500e-01 -1.196584733659909361e+00 -5.010999918524969843e+00 3.466785845977804925e+00 2.364477045259397059e+00 7.505684354215605980e-01 -3.790992539021936558e+00 3.056080409786178453e+00 3.261260812593925085e+00 2.408260137352805863e+00 5.704323721941586101e+00 3.771415108985631370e+00 -1.668832978173410586e+00 -6.528192598931861212e-01 1.965739621895494116e+00 -4.058472574187898529e-01 1.859383405662120792e+00 -2.245532557813987862e-01 -1.442156107601974435e+00 -1.311163845909646408e-01 2.160428427898131165e+00 8.924404005782612392e-01 1.416105087044380761e+00 1.467112855396161653e+00 -9.412905039308840094e-03 -5.739555687518752558e-01 1.289686937320394966e+00 2.158774219373391368e-01 1.119331316603420001e+00 2.765482995123449417e-01 -2.579014266644218401e-01 5.016006492164525321e-01 -3.603368031654091697e-01 -2.655212597654283413e-01 6.215168765317227728e-02
-7.526525537788984754e-02 1.221720899354545864e-01 -5.960239076407684855e-02 1.092138794361611764e-01 2.793792024023450615e+00 -4.038635552795850625e-01 -2.681858138182063866e-01 3.140076246591167602e-02 1.142570974590152721e-01 -2.947470758592246054e-01 2.387890081092844397e-02 1.544349625588429809e-01 -7.760796429524460249e-01 3.048196044118297587e-01 -4.179855380023358435e-01 -1.238153209852856484e+00 1.239481770362344193e+00 1.716902262720524375e+00 3.816249942186295541e-01 -9.171101727763915357e-02 -1.837483726857691013e-01 -1.911368560360483748e+00 -7.211582281082322410e-02 -3.032840331650545451e+00 2.918928202541445138e+00 -4.220891294914572711e-01 8.522255214691870639e-02 4.323974814830972235e+00 -5.097415458752558415e+00 3.006204820766008812e+00 1.916866526637215573e+00 1.066798579681103920e+00 -1.793155644446188912e+00 7.041097545088392806e+00 1.243421726151568540e+00 -2.707297420715194747e+00 -3.843955800146423574e+00 1.530539074990320492e+00 -3.337613537452321921e+00 2.565485781393381348e+00 -1.505390212185041099e+00 3.475362181729713118e+00 1.859824916965429509e+00 -3.861328840084788272e+00 -1.691880672991268098e+00 3.960020590972423093e+00 1.022135707130658183e-01 1.926784065691236281e+00 6.260716163150210622e-01 -1.196796375204492557e+00 5.240059616502270146e+00 -3.735656157045720516e+00 -2.383107199947384736e+00 1.416183783612509073e+00 2.557623492628236850e+00 -4.173562876766244156e-01 2.169881883103703224e+00 2.341478651601812011e+00 -8.168666973504065121e-01 -9.889517071111468827e-01 -1.170647567485153973e+00 4.005664468347760465e-01 2.323531028649596930e-01 -4.992262829221139064e-01 -3.815267666282072256e-01 3.768320653983967539e-01 2.037691655934599777e-01 -2.874223093238559290e-01 -5.082568662680843063e-01 -1.318187666925509927e-01
3.582076698679596827e-02 -4.501215224751539679e-01 9.115155399737123743e-02 -3.208781849427648214e-01 -4.038635552795850625e-01 4.340096766000328010e+00 4.087773130478237205e-01 9.925582755983053396e-01 6.519519541573454147e-01 -1.696481196376445066e-01 -1.142628568156511815e+00 -1.546312696790950847e+00 -2.594720476468257986e-01 -1.341271255524741990e-03 -1.630021086159721300e+00 -8.146513249252795852e-01 -2.641046711465086516e-01 2.869007475269648832e+00 -1.102581732725788299e+00 3.725606402778145920e+00 -1.741569838076678367e-01 -3.936422579167936586e+00 -2.482144402421315732e+00 2.542334629027259041e+00 -2.591542639137001558e+00 -1.793662270313058693e+00 1.211441652069005448e+00 2.223052232696909047e-01 4.854587901391008486e+00 -1.185261919785051132e+00 -2.811941923438931457e-01 2.268313825014626417e+00 -5.882980124547885659e+00 4.560336024369195052e+00 3.460678178375058145e-02 2.792112198582211158e-01 7.729370742321753696e+00 7.769483968452352007e-01 -3.351347800192741033e+00 -2.012723441602460195e+00 -7.079521964230509390e+00 3.435289966655479255e+00 -2.398839629891043046e+00 -2.922821138631042981e+00 -2.086467245904423784e+00 1.667268586282460996e+00 -8.098238086668489544e+00 7.716509582903599562e-02 3.199029144262594215e+00 3.825831405430621501e+00 -2.698285982849438991e+00 -3.098928168924042659e+00 2.031723450140974219e+00 -1.917820984789185834e+00 2.327514351955930927e+00 1.185242265052982802e+00 1.684270795454265501e+00 -1.029336918523756639e-01 7.093677069221869802e-01 -3.374596409692183219e-01 9.546719708264927995e-01 2.142115868104349508e-01 -6.559835463216859841e-01 4.848388627022047204e-01 -2.281510754906585642e-02 1.221479642685606715e-01 5.135918292971940885e-02 2.954914974448437648e-01 -8.430057304758385717e-02 1.957893822411294893e-01
-1.435315490447671705e-01 -1.448474139262404536e-01 -2.500281265634274885e-01 -4.424729041444296074e-02 -2.681858138182063866e-01 4.087773130478237205e-01 5.419468732664753041e+00 -6.843477999551865754e-01 -1.342406364838725219e+00 8.550567238768949085e-01 3.305747718734702301e-01 -3.226479084052094048e-01 3.510030482336934932e-01 8.622602443918917503e-01 -1.749233666552723054e+00 -4.457568560716081429e-01 -1.556214257473096163e+00 2.220783108408902251e+00 4.613476893373087417e-01 -1.938178633199724443e-01 2.443957836392806726e+00 2.579490618892780418e+00 3.113307489732851430e+00 -3.196299744150045363e+00 -6.511467809199493750e+00 1.490502498106876628e+00 -1.871783351956799679e+00 -5.168972587216680736e+00 4.779871565321902160e+00 -3.159922798095822216e+00 7.702386671089215042e+00 -2.304982138143990777e+00 -4.134070410808410756e+00 -2.338679952050410904e+00 3.271937988649115336e+00 -4.123422656685998611e+00 -2.854296413085939399e+00 7.007618065990362410e+00 3.670899004284400302e+00 2.066280402006168693e+00 -1.225301119713929188e+00 9.072315935822397037e-01 5.058826789258372258e+00 1.749441898119899363e+00 4.406540601904458399e+00 3.763258403452370837e-01 2.435813815090220213e+00 3.483037177621554736e+00 -2.555077633943104942e+00 -4.341079481368484316e+00 -1.036233012525011432e+00 -3.209061922008862866e-01 -1.148241251166504107e+00 -1.093077914315053079e+00 -9.203591070816929953e-01 1.213290263172110833e-01 -3.137936871757832868e+00 1.394633623403010558e+00 5.285024366106807481e-01 -9.603425532683060317e-02 6.690459806721253677e-02 -4.487724906940055991e-01 9.276890596200363381e-01 4.933106291865096971e-01 1.118421116759361067e-01 1.439758472805223510e+00 7.389343232154023111e-01 -5.837408064592801704e-01 -3.438255329813652006e-01 -2.476954687396933363e-01
4.230563355171119699e-01 5.384441472887186997e-01 -3.298869282685495952e-03 4.394683842225187154e-01 3.140076246591167602e-02 9.925582755983053396e-01 -6.843477999551865754e-01 7.468401973033786945e+00 1.991071827329212507e+00 5.426437164424687820e-01 2.069984150569365688e+00 -1.985995141687308729e+00 5.000742911816324909e-01 -4.922439865297321138e-01 2.943414536250615887e-01 -6.804226238733371845e-01 -1.168077326809209726e+00 1.889851934805827804e+00 -4.332424323775683206e+00 5.957716505529859763e-01 -1.459164410483481389e-01 6.445831086903802687e-01 -2.046520637615785621e+00 2.076802929175534551e+00 -2.488928773719487175e+00 4.006244825605153714e+00 3.263932178200951384e+00 -2.007174483261707998e+00 -5.104365191072573360e+00 -2.508328556632949180e+00 1.152113280865621814e+00 -4.560619016304121587e+00 -4.258375266829183659e+00 6.403852829997271456e+00 -2.096211597378869751e+00 5.995330012934045882e+00 6.038307443556908183e+00 -1.796176546086983405e+00 -1.384206598146670242e+00 1.687866271860698930e+00 3.146780390816642514e-01 1.539425540562478822e+00 8.072093433095293147e-01 -6.173762100118151075e+00 5.756264068500582809e+00 -1.364630034649380042e+00 -6.092195346820907353e+00 2.515315452667155061e+00 2.899484809449465850e+00 9.770031272426921154e-01 -2.693854356032218678e-01 -9.466577957432190105e-02 2.463931495542841077e+00 1.248598396592564885e+00 9.232926453621036478e-01 -2.232812195962915691e+00 -6.521014235675661741e-01 -2.498016565678771173e+00 4.068675406274146478e-01 -4.264031957303298093e-01 -5.278003930890778905e-01 4.236350106550546002e-01 -6.321936753934158659e-01 4.064193846085658590e-01 -3.201203791041947744e-01 -2.935059236355060941e-01 -7.859169749810901440e-01 -5.674412991814902218e-01 -1.500627426442902312e-01 6.533712422675150844e-01
-1.955803465786389583e-01 3.463347136893637490e-01 3.441687098220727048e-01 1.739018550144383057e-01 1.142570974590152721e-01 6.519519541573454147e-01 -1.342406364838725219e+00 1.991071827329212507e+00 8.738946503782173636e+00 -3.171466636364913549e-01 -9.463704797121819112e-01 -1.028741146046681987e+00 2.858872805565578767e-01 -6.008751582894615861e-01 2.635636531097542701e+00 -1.317921027216032992e-01 -3.641262328190333797e+00 -4.820002792826791338e-01 1.876031403752314697e+00 5.115005812874358071e+00 7.609837550562040143e+00 3.485087487915397020e+00 -4.088105703320253248e+00 -5.766882101867334853e+00 -3.205125614713230320e+00 8.771012142542177203e-01 1.988215902607333385e+00 -5.933179764072622042e+00 2.131338316947290590e+00 3.832891928470431697e+00 -2.403181165276035536e+00 -4.767571108833243088e+00 -1.500136488849610039e+00 1.327685740532355041e+01 6.571576557994028178e+00 -4.522012734836021508e+00 7.609505461811568061e+00 -1.844278876436239667e+00 4.996544206909590002e+00 2.057665278015194499e+00 -4.590866514478807225e+00 -4.261697969088352522e+00 -1.465431919850048281e+00 3.257312711641410008e+00 1.833827472386017288e+00 8.001742806389756657e-01 -6.296130268156885812e+00 4.217103393680403656e+00 -1.810355881579955639e+00 1.174410790297379847e+01 -2.805403156100343964e-01 -2.473457653933094580e+00 1.925029433550937474e+00 -8.251181161860752233e-01 2.702070492229716736e-01 -4.553482649488953093e+00 2.939423242550063264e+00 -1.641921899010432062e+00 -7.266512228371624360e-01 6.939316689055270437e-01 2.208895495567179401e-01 -1.391868189511361820e+00 -2.858645631315185898e-01 4.505148790791433377e-01 -3.334531055598191629e-01 -7.780704311023299846e-01 4.311168752956454076e-01 -4.119111821010213448e-01 -4.721565050241061101e-01 -1.084091974452708190e-01
-2.908224496617763111e-02 5.344242237932765871e-01 -8.327881547549893515e-01 9.496184035107679833e-01 -2.947470758592246054e-01 -1.696481196376445066e-01 8.550567238768949085e-01 5.426437164424687820e-01 -3.171466636364913549e-01 1.379504974123377181e+01 7.245995085770821909e-02 1.893563227958213746e+00 -9.191755574253187566e-01 1.812026496576088386e+00 3.267922664166060365e+00 -2.900971659821406590e+00 1.338604462417468222e+00 2.601300772066512668e+00 -4.979590603117370895e-01 -1.562265386715750326e+00 2.531947826955534886e+00 5.666233437666726047e+00 -6.362140300132399506e-01 -6.545416518650763571e+00 2.856596417807589106e+00 3.592628135737558459e+00 8.706091208915886170e+00 9.824971512090808545e+00 -1.135976251439706353e+01 -2.289634417884425233e-01 6.475904032918217368e+00 3.071685145067621026e+00 -9.510415243335364366e+00 -1.374410719094391498e+00 4.710008134195690643e-01 5.295931081300000010e+00 -2.018060264349356370e+00 7.259497436822271332e+00 6.748252606813772481e+00 -7.630104405759790431e+00 -6.015908728467756816e+00 -9.511802509321023891e+00 1.674626253054285696e+00 -8.618398847156878428e-01 6.663747517807234733e-01 1.352365983990800435e+00 -4.246548493429179949e+00 3.678054717688326036e+00 -3.589161872580333590e+00 2.984792512781254903e+00 -8.332593407488751325e+00 3.376035374107165254e-01 -6.863583079687614330e-02 -1.666908767386865886e+00 -2.919234150255129112e+00 -2.963023362395097671e+00 -1.492605691406255763e-01 4.722878034891664356e+00 1.670278747962892663e+00 1.049523996168127304e+00 -8.712083541515860396e-01 1.639263740854583151e+00 4.201239535854107143e-01 -2.255784282799308649e+00 1.855908262192579983e+00 -2.388839652373971612e-01 1.780753908790885104e-02 -5.378774975211882831e-02 -1.761506160601486182e-01 3.940237781440793924e-02
2.809887568741412656e-01 9.785036238287494470e-01 5.623527218932431460e-01 -3.373167140996097269e-01 2.387890081092844397e-02 -1.142628568156511815e+00 3.305747718734702301e-01 2.069984150569365688e+00 -9.463704797121819112e-01 7.245995085770821909e-02 2.256891618745472883e+01 1.752420865431572272e+00 3.516493213161883347e+00 1.819780288410956848e+00 -3.176816892254504587e+00 -2.228478998278303980e+00 8.133611874516812890e+00 -7.792640003230721923e+00 -4.896060364650313801e+00 -5.149507095249300725e+00 -1.124497652071821463e+01 -1.375283239918220435e+00 -6.596849068271855021e-01 -5.587884945525178004e+00 -3.227811955660269572e+00 -1.278786822537478107e+00 4.655366358441490604e+00 4.021782094854642331e+00 4.269652841987165992e+00 -7.027582774117138165e+00 -3.272151647805467078e+00 -9.992412319098389339e-01 -6.002164572463069073e-03 3.586031958644665618e+00 1.109754878223905727e+01 1.742938024178899781e+01 -9.405658360895627013e+00 2.020112530907868020e+01 8.367769511616938161e+00 -8.919235324639963380e+00 -3.261023320105183476e+00 2.213544815174499636e+00 -1.786261045908873513e+01 -1.281651396826088352e+01 1.826310010373114068e+01 7.481589532832882306e+00 -4.482911951770744530e+00 6.521168997191921335e+00 -5.309875299736838805e+00 -2.312829545929889541e+00 7.129364857386228493e+00 5.260681082436219569e+00 -3.423229576884094794e+00 1.367737828956556490e+00 -1.550686664638465384e-01 -3.038096735639196133e+00 -9.564383216587702963e-01 -3.916634736267143868e+00 1.191358232430032721e-01 -3.462484307317177823e+00 1.174952641538014930e+00 3.493780886693935273e+00 -1.043541168763855609e+00 -5.326577211026987113e-01 5.241597471951159326e-01 -1.622514743784247704e-01 -1.045366173224313577e+00 -1.641656615385858276e+00 3.461676137875450976e-02 -9.798346557118826211e-03
-1.147136246530282705e-01 6.908823170687138082e-02 -7.247859004515947445e-01 -2.549820345267151955e-01 1.544349625588429809e-01 -1.546312696790950847e+00 -3.226479084052094048e-01 -1.985995141687308729e+00 -1.028741146046681987e+00 1.893563227958213746e+00 1.752420865431572272e+00 2.252627961202425055e+01 -3.393842734059069888e-01 -1.650254357272383787e+00 6.573081060994625524e-01 4.546922674491530536e+00 7.731763706266723268e+00 4.349798558842249641e+00 -7.281972702732210090e-01 1.795930650829689279e+00 2.537327846240890139e+00 9.997806696377194768e+00 -3.055619238834661466e+00 -2.475427190212442508e+00 1.371657188136103578e+01 4.913357510650334103e-01 -6.111161605554761955e+00 -4.920596737790220665e+00 -1.855798845943672504e+00 -4.450133850387157253e+00 -8.207013207353703876e+00 1.305232985261610068e+01 1.120712078732539396e+01 1.138902085855711377e+01 -1.700533742300887718e+00 4.746509811991364458e+00 1.374505247219462056e+01 1.102913736789553667e+01 -9.362372708739869154e+00 1.386952140248185295e+01 -8.275726714226351532e+00 -1.387974630099304640e+01 7.723537674201927494e+00 -4.599733370233986207e+00 -1.016542086034214343e+01 -1.946024366482548285e-01 2.458364878423171973e+00 5.181256729373450165e-01 -1.193034697617805051e+01 8.503197913574384259e+00 4.840219674738590605e+00 6.717961556972970705e+00 -3.117845297055842124e+00 4.565658258595519214e+00 -1.291323119529456553e+00 2.998176036644244924e+00 3.454066749586010232e+00 2.220019127985398910e+00 -2.351063206331899469e+00 1.388194008829161108e+00 2.235388736687041078e+00 -1.247725710371399899e+00 2.809812939704347645e+00 -6.134172650281634054e-01 1.637625576852626663e+00 -1.101351940770803006e+00 3.152554183323905135e-01 6.239240244418662318e-01 1.167765231358357525e-01 -4.772399506025555294e-01
1.188801829078563466e-01 2.357528452419138665e-01 3.391565850981156371e-01 1.220542534553270331e+00 -7.760796429524460249e-01 -2.594720476468257986e-01 3.510030482336934932e-01 5.000742911816324909e-01 2.858872805565578767e-01 -9.191755574253187566e-01 3.516493213161883347e+00 -3.393842734059069888e-01 2.495840500081471447e+01 9.909678847391373280e-01 -4.980582522459669370e+00 1.879335236496979089e+00 2.261410907201664600e+00 -6.566644256777345312e-01 8.984319241619717289e+00 4.174381641914843399e+00 8.818314935890997353e-01 7.068708377230676909e+00 8.205448719903952082e+00 3.382482137412887724e+00 -9.115938325985935009e+00 3.760357663437426723e+00 6.763696859608113732e-01 -1.513085090307989589e+01 1.188688286317732601e+00 -2.849052469259173215e+00 -1.015552740738878157e+01 8.769460123636687143e+00 -4.671796070206177265e-01 -1.252589929142609826e+01 1.597244877437242083e+00 -1.302323530115341477e+01 8.642403932372898723e+00 3.262975051108090163e-01 5.950862098973122905e+00 4.682820099247451573e+00 -2.876579588248135622e+01 -2.080599094130309368e+01 2.079195263941039595e+00 -4.977868662973029323e+00 1.235019667577877733e+01 3.085824837390396702e+00 1.047183490491521596e+01 1.187124223871355966e+00 -2.242294857926438123e+00 5.395944977437962642e+00 -6.890236060828410558e+00 1.052115228891352450e+00 -8.163069872687664930e-01 4.022142742177884145e+00 -5.034443993109133153e+00 -3.451837613939379157e+00 -3.885105357652718805e+00 7.746159976590980545e-01 2.500451849497318801e-01 -6.438474829663253240e-01 2.607367935435048967e+00 8.483095361665300427e-01 -8.680789422346473216e-01 -7.448958960020353182e-01 7.446511611536369424e-01 -2.087334876742583667e+00 8.348646958073699942e-01 -2.040499171264770761e-01 -3.946803955737825942e-01 6.953751097379904378e-01
4.757683728310961313e-01 1.136226958160644063e-01 -5.634896338501301782e-01 1.415309497117491988e+00 3.048196044118297587e-01 -1.341271255524741990e-03 8.622602443918917503e-01 -4.922439865297321138e-01 -6.008751582894615861e-01 1.812026496576088386e+00 1.819780288410956848e+00 -1.650254357272383787e+00 9.909678847391373280e-01 3.718759666501040329e+01 -3.949876898590689578e+00 2.769716843809606477e+00 -6.780902427277964328e+00 -2.754635878212620126e-01 6.412714012302845212e+00 8.163023660852596564e+00 -4.551437511719023110e-01 -5.129082457787490945e+00 -3.670643491988218265e+00 4.387768401313817179e+00 -3.114960534951671356e+00 -1.442374289926333431e+00 -3.165028170336229962e+00 -9.450315976804495310e-01 6.328956918693436684e+00 7.309600246986864391e+00 -2.435727147539502369e+00 7.989191839743048362e+00 -2.928858027429584343e+00 5.290603922931395253e+00 7.527811221987181334e+00 1.272106195253103422e+01 1.870179296580017470e+00 1.238756484375577571e+01 6.341334171907605288e+00 6.736918171721296034e+00 7.170927608823291166e+00 1.274778921185237479e+01 4.959455282492152506e+00 7.321170305071674100e+00 -3.638392972526659275e+00 1.143933255936032722e+01 1.579188642074831250e+01 -3.895759262384000721e+00 -3.506894291123471508e+00 9.296669977548923214e+00 6.176869262576320629e+00 3.603877085495911015e+00 5.418639088423251593e+00 -6.368251555400145092e-01 -7.309531080282663851e+00 2.369150025074569399e+00 -2.827726748121465739e-01 -5.761329773011953925e-01 7.166039536216210593e+00 -5.856361853453438293e+00 -1.635942930560382313e-01 5.032942656598279191e-02 1.518118334836401351e+00 8.511501534904627464e-01 1.478530602080311729e+00 6.788313695284645677e-01 4.363067747709684085e-02 9.202280663637967262e-01 -8.655222061516083532e-01 6.820982665899557595e-01
1.062210600078377754e+00 -1.371387543929775826e-02 2.679619713841918660e-01 4.065971358525153345e-01 -4.179855380023358435e-01 -1.630021086159721300e+00 -1.749233666552723054e+00 2.943414536250615887e-01 2.635636531097542701e+00 3.267922664166060365e+00 -3.176816892254504587e+00 6.573081060994625524e-01 -4.980582522459669370e+00 -3.949876898590689578e+00 5.035533498210764236e+01 -5.695752379126157727e+00 -9.410278166709606040e+00 -1.140656351458608775e+01 4.377149900966142759e+00 -4.918374893558688399e+00 -8.187086425704768189e+00 1.337111101477422004e+01 -9.411651389743745710e+00 -1.193819251435508022e+01 2.366319414967109847e+00 8.633808236765029065e+00 1.971438217516005409e+01 -9.184143100168316920e+00 -2.525429293289833765e+01 -1.763952199253678543e+01 -1.440754215990624143e+00 6.494635264325974155e+00 -1.754206893941829293e+01 1.570092586795851786e-01 -6.436900099554970112e+00 -4.520629950685692400e+00 -1.852142933879096676e+00 -1.844637595217355486e+00 6.415457553766664489e+00 3.414188307313500204e+00 1.775511897135799444e+01 -2.022342935561681987e+00 -8.214286480959970049e+00 -1.040557429835565628e+01 4.839612105604169656e+00 -3.818002657328319671e+00 7.971909550084403662e-02 1.408047580825993172e+01 -1.746182833381919153e+01 1.861281506908396777e+00 -3.364173610440703843e-01 2.585719659394277503e+00 1.118420362938166868e+01 -8.600986147931992676e+00 -1.705533904912785781e+00 6.491989769769183738e+00 8.960647913547439836e-02 8.309433023876010571e-01 -2.537623346997547547e+00 7.773049512949639528e+00 -1.501908590261582743e+00 -1.449944813289637535e+00 1.825301998766620359e+00 -2.599235914639462797e-01 2.601586534425832209e+00 -5.231378498785917985e-01 -2.255249350664791930e-01 -2.106683668062061532e+00 -1.013350350181649651e+00 -3.546981166136774499e-01
1.214082126931971484e+00 -8.490824535000069950e-01 -1.917085284288719549e-01 3.241889705417746320e-02 -1.238153209852856484e+00 -8.146513249252795852e-01 -4.457568560716081429e-01 -6.804226238733371845e-01 -1.317921027216032992e-01 -2.900971659821406590e+00 -2.228478998278303980e+00 4.546922674491530536e+00 1.879335236496979089e+00 2.769716843809606477e+00 -5.695752379126157727e+00 4.989810306057022160e+01 -4.474577119918355272e+00 1.708011868474162531e+00 1.766784956725945710e+00 -7.279136473879702862e+00 -2.289615383410097404e+00 -4.243356614134162541e+00 -9.498573040211944374e+00 8.290554481191531266e+00 -5.251368143613976969e+00 -7.378481755929088948e+00 -5.463825346875117006e+00 2.432173322890621936e+00 2.366545179295447099e+01 9.563946484321354191e+00 5.364204377300713089e-01 2.525676487607191945e+01 1.039123202336212692e+01 -1.254090576921670852e+01 -1.877242394480867560e+01 -3.262588801903323343e+01 3.720195766366243717e+00 -1.413731954485387554e+01 -3.651143853571133580e+00 7.265066860152313843e+00 1.083212035820434238e+01 1.062485865678536889e+01 3.600962219907369199e+00 9.719933297761127022e+00 7.442534088036373063e+00 -7.764985866435983652e+00 2.782195589992743479e+01 -1.366699478621756336e+00 -8.799684228992900259e+00 1.122244147687055049e+00 7.617668099706602636e-01 8.457611470866000403e+00 -8.379330643946737212e+00 -2.948916746011303935e+00 -1.192978262654702082e+00 -2.780099065853521623e+00 2.392106754399120128e+00 -6.983148185061807678e-02 -8.835283089224347242e-01 1.800843948750335821e-01 5.853210193854360810e+00 -1.069797306536223847e+00 2.002516800586665369e+00 1.772286695553400293e-01 1.044694818268795844e+00 -1.336367687419661054e+00 -5.267981868311985005e-01 -1.193878003082702866e-01 1.007568792626122978e+00 -8.396244627087569024e-01
1.092605833270704707e+00 3.619806359479181279e-01 1.635206441555970391e+00 -3.638318411953492149e+00 1.239481770362344193e+00 -2.641046711465086516e-01 -1.556214257473096163e+00 -1.168077326809209726e+00 -3.641262328190333797e+00 1.338604462417468222e+00 8.133611874516812890e+00 7.731763706266723268e+00 2.261410907201664600e+00 -6.780902427277964328e+00 -9.410278166709606040e+00 -4.474577119918355272e+00 6.633374858628127413e+01 -4.799332123595750232e+00 -4.029808528655145494e+00 -2.677851743201355461e+01 7.035705308078100018e+00 1.182615770632997432e+01 2.366327462193591913e+00 1.095349423162380909e+01 2.724557233209777252e+01 6.845815005857105895e+00 -7.789475240703245262e+00 2.503515716441764738e+01 2.143544805588013347e+01 7.973453207670055942e-01 -1.141288337352798621e+01 4.546297583586807356e+00 1.643510814515178353e+01 -1.706759509426844845e+00 -6.885008759966707359e+00 1.423023751835432726e+01 -2.155359504462313325e+01 1.043046898059344585e+01 -2.937122561354134120e+01 -4.754757061043186184e+00 1.323658370351978419e+00 1.140268895225670986e+00 4.259801043326633341e+00 -5.918948593732092256e+00 7.270405069057898295e+00 -1.307983563763034374e-01 -7.314219682715290993e+00 4.299700451255644040e+00 2.203779635045318930e+00 -5.405647453970235716e+00 1.246977869198474842e+01 -6.956824113130506859e+00 -1.324608881766653035e+00 6.271290853013713473e+00 -7.223543673269671395e+00 -1.592245126780980735e+00 -2.196037020678681451e+00 -1.621693166012043497e+00 1.644917235206794892e+00 -3.213771464870329719e+00 -1.809838532780684961e+00 -1.201451458290613727e+00 2.036700979855951221e+00 -4.817965485393319369e+00 3.782995003793010902e+00 -1.117099863957960126e+00 -1.392890445839205515e+00 2.548445429818373409e-01 9.044716235300946927e-01 1.489295224285127339e-01
-4.816411368548862426e-01 3.807707080589139981e-01 1.313938919780916814e+00 2.888433880895834083e+00 1.716902262720524375e+00 2.869007475269648832e+00 2.220783108408902251e+00 1.889851934805827804e+00 -4.820002792826791338e-01 2.601300772066512668e+00 -7.792640003230721923e+00 4.349798558842249641e+00 -6.566644256777345312e-01 -2.754635878212620126e-01 -1.140656351458608775e+01 1.708011868474162531e+00 -4.799332123595750232e+00 8.534628156982491021e+01 -3.131861953095288253e+00 -4.273893209792414716e+00 1.102695992249862833e+01 -7.850934276757954855e+00 -1.052131132276908687e+01 9.572925143974002182e+00 2.901317729146351887e+00 -4.028583748481776028e-01 1.397458500339473630e+01 -2.573288071455571036e+00 -8.334643748016647535e+00 2.064673662567200196e+01 -1.122645852087015700e-01 5.014302672043701392e+00 -3.497620247201977151e+01 2.627304132052418417e+00 -4.200635695007926884e+00 -2.744360821263227024e+01 -2.546181602267104882e+00 -1.257808347431225648e+01 -2.623448559979403427e+01 2.748563147625212011e+01 2.019366124419798325e+01 -2.437375364544729095e+01 2.741575968843866562e+01 1.367505023080699011e+01 -1.668067596225367666e+01 3.687125560179672590e+01 6.958960430778628137e+00 1.657727498683361000e+00 -9.182616612668033085e+00 -6.070032423311648273e+00 1.159760463372524919e+00 -3.721836221469631667e+00 1.413956997752081435e+01 7.583227747521408268e+00 -1.150568490376343611e+01 4.213454649326412671e+00 2.036798763636190390e+00 3.267028497134336185e+00 9.662710516615986123e+00 -3.627568464705395179e-01 2.131505633592302829e+00 1.207780192950379750e+00 8.565994502809017863e-01 -4.631069069615295075e-01 -1.126724806635744480e+00 8.595375524396382527e-01 -2.456214824135911079e-01 1.698465541074744678e+00 -9.004841614750773438e-02 8.778020611259379491e-02
2.681689944472354092e-01 1.513109179974779228e-01 -6.253412643899054491e-01 3.590604670848199120e+00 3.816249942186295541e-01 -1.102581732725788299e+00 4.613476893373087417e-01 -4.332424323775683206e+00 1.876031403752314697e+00 -4.979590603117370895e-01 -4.896060364650313801e+00 -7.281972702732210090e-01 8.984319241619717289e+00 6.412714012302845212e+00 4.377149900966142759e+00 1.766784956725945710e+00 -4.029808528655145494e+00 -3.131861953095288253e+00 1.003184823987711383e+02 3.497809065242407645e+00 -1.159412303839051805e+00 -2.623824493921921963e+00 5.180585730944902600e+00 2.261150824225567391e+01 5.360071552093552683e+00 -1.300695205271492938e+01 -1.189210799705382193e+01 -1.180881865293178201e+01 -9.788370249517111432e+00 -1.852807904375106318e+01 -5.451244499217495765e+00 2.253103876846398990e+01 -1.495456773090385383e+01 -3.734519161110026886e+01 -6.775271806351457649e+00 -3.322745757541296996e+01 5.760495754351259379e+00 -1.429034667351034926e+01 2.385266827543158286e+01 2.964295069046226772e+01 -1.712922635539093719e+01 -2.166004989017429949e+01 -6.748307449418314619e+00 1.710603791167972432e+01 -2.045800115795416119e+01 2.498838365864383348e+01 -1.085067429774443326e+01 8.725246032110206329e+00 1.124095090451615064e+01 -5.254252467591989273e+00 8.478750201283066446e+00 -1.591452307907820796e+01 -1.351262087329035211e+01 -1.253854826123694721e+01 -1.364166568150058545e+00 -1.778596740991699221e+01 -7.875547416925724242e+00 7.002601434584820872e-01 -2.924451886121173683e+00 -1.185374352183742541e+00 -2.810909177914091561e+00 6.156608806929247946e-01 5.646950151191244771e+00 1.600335794214989171e+00 -1.801106179507050875e+00 -9.332570311172203592e-01 2.734263387685549773e+00 6.404201462256386979e-01 -1.114150742389300730e-01 1.554255560610709797e+00
-4.611427764972411691e-01 -6.779339094431400259e-01 -6.874220114933440318e-01 1.411116531344455416e-01 -9.171101727763915357e-02 3.725606402778145920e+00 -1.938178633199724443e-01 5.957716505529859763e-01 5.115005812874358071e+00 -1.562265386715750326e+00 -5.149507095249300725e+00 1.795930650829689279e+00 4.174381641914843399e+00 8.163023660852596564e+00 -4.918374893558688399e+00 -7.279136473879702862e+00 -2.677851743201355461e+01 -4.273893209792414716e+00 3.497809065242407645e+00 1.191010170672095256e+02 1.672399666475533309e+01 -3.960331520573610042e+00 8.250345514292517279e+00 2.792895656496803714e+00 -1.151548919103594493e+01 -5.798879237632444950e-01 -1.161626556775942376e+01 -2.353244958342190785e+01 1.747237871717204571e+00 -1.815302159276843597e+01 1.127261688672070505e+01 -1.228786362014294120e+01 2.924332496004706528e+01 9.727253892122003975e+00 3.209042701995592495e+01 1.561909327782352364e+01 2.113384962913765985e+00 -6.818953485464285258e+00 2.479486847090164758e+01 1.536779733896434941e+01 -2.953033782554293296e+01 -5.927933924920480102e+00 -2.184447128275072814e+01 -3.155153854354718135e+01 4.444194798219095688e+00 2.149311304544509937e+01 -2.550690039244501861e+01 6.981689894257642415e+00 1.254297217002337206e+01 8.608750978163893564e+00 -7.566255031358910976e+00 -2.173748244818625963e+01 8.971850153076500689e+00 -4.846977000807314973e+00 -6.142141180119531363e+00 -2.204745455642247998e-01 9.420498935314778777e+00 3.756981926879868539e+00 -2.253077754855236758e+00 5.936385130201796700e-01 -1.912339190149889179e+00 1.788026104955011464e+00 6.551316609315622763e-01 3.395188667211523459e+00 -3.109859597292754518e+00 -2.879435008125233786e+00 -8.098362191960096768e-01 6.752785890256199908e-01 -1.273755237136871665e+00 8.873161713242134763e-01
-1.022833785312387667e+00 1.641908888592029658e-01 3.542696410190144252e-01 3.881038764265728469e-01 -1.837483726857691013e-01 -1.741569838076678367e-01 2.443957836392806726e+00 -1.459164410483481389e-01 7.609837550562040143e+00 2.531947826955534886e+00 -1.124497652071821463e+01 2.537327846240890139e+00 8.818314935890997353e-01 -4.551437511719023110e-01 -8.187086425704768189e+00 -2.289615383410097404e+00 7.035705308078100018e+00 1.102695992249862833e+01 -1.159412303839051805e+00 1.672399666475533309e+01 1.099521282331644159e+02 -1.077708037641649597e+01 7.204378190326010678e-01 4.288466048688835741e+00 1.222332900740210171e+01 9.955351553885925853e+00 3.075658698165052995e-01 1.154637154545081401e+01 7.970249990592225053e+00 -2.068268932806124738e+01 7.599481522760388685e+00 -2.666534000418485917e+01 2.875266383341385890e+01 1.838012416823671202e+01 1.952857061881967482e+01 -7.963531802914259217e+00 -1.413153212428919225e+01 -1.611238290898019443e+01 -7.168230104314400997e+00 3.790054372432116292e+00 1.901181386400939388e+01 -4.166603128388945265e+01 1.329451663439722076e+01 -2.667178337979134284e+00 -5.530864674687417271e+00 -2.751979566672648758e+00 -9.415232589077010772e+00 7.437073770541722695e+00 -1.376291951192102481e+01 2.177201031072964810e+01 9.499576941395828644e-01 -1.075966889552425698e+01 1.282802155982671088e+01 8.509773960947836224e-01 -2.135293072264276759e+01 -4.591552127350701618e+00 -1.473946550312431047e-01 1.738976465533193627e+00 -2.597069082465915724e+00 3.726169363178432725e+00 -2.008788508097664849e+00 -5.635339609610564793e+00 2.155922820073948198e+00 6.686584320835009532e-01 4.468078053098134994e+00 7.441861927117783271e-01 2.886122774303755412e-01 -1.688376990395042299e+00 7.856772942903593737e-01 -4.847533711872871742e-01
8.245362356733170195e-01 -6.750868592917689259e-01 -4.752013328292388206e-01 7.638743068033566619e-01 -1.911368560360483748e+00 -3.936422579167936586e+00 2.579490618892780418e+00 6.445831086903802687e-01 3.485087487915397020e+00 5.666233437666726047e+00 -1.375283239918220435e+00 9.997806696377194768e+00 7.068708377230676909e+00 -5.129082457787490945e+00 1.337111101477422004e+01 -4.243356614134162541e+00 1.182615770632997432e+01 -7.850934276757954855e+00 -2.623824493921921963e+00 -3.960331520573610042e+00 -1.077708037641649597e+01 1.745871488628661155e+02 -3.595300865454582606e-01 -2.150281342061081347e+00 1.991392313143757775e+01 2.083951557568467194e+01 1.681175945861766508e+01 -4.836716629299657910e+01 -1.126449241851241290e+01 -5.849892804362752941e+00 -1.148958631878231884e+01 4.499221778824871620e+00 -4.027774605427086319e-01 -1.593570894383277547e+01 1.026308968055366228e-01 -1.697429402455473735e+01 4.716658624393974542e-01 1.938079165754629329e+01 -1.036149539571807443e+00 1.043547674832649932e+02 -4.324270375862774785e+01 1.939254654273678469e+01 7.971753543682845056e+00 7.142027349588192742e+00 6.270232568592794209e+00 -1.973670916657891183e+01 3.517433612563057643e+00 1.337917802221215169e+01 -2.568474735457897040e+01 1.220612016870394712e+01 -2.293368707745562318e+01 1.441556108294544281e+00 7.693365282707532060e+00 1.317172740708857148e+01 -1.164729925242704489e+01 5.105964348042545176e+00 1.118215911675809693e+00 -7.355455739574802365e+00 -5.705989475008100165e+00 1.131319372386631983e+01 -3.056014855032634703e+00 -3.048337094980174911e+00 8.173390838434876571e+00 4.653724173984122636e+00 5.463117337105509286e+00 -3.358204108376352082e+00 3.389511594277724971e+00 -1.220632566047602507e+00 -1.297004081969624467e+00 -2.614389211470572461e-01
